No	hr	min	sec	hr	min	sec
1	13	14	43.968	13	14	44.97
1						
2	13	14	45.946	13	14	46.46
2						
3	13	14	47.958	13	14	48.57
3						
4	13	14	49.968	13	14	50.69
4						
5	13	14	51.946	13	14	52.69
5						
6	13	14	53.946	13	14	54.7
6						
7	13	14	55.947	13	14	56.44
7						
8	13	14	57.949	13	14	58.57
8						
9	13	14	59.964	13	15	0.72
9						
10	13	15	1.954	13	15	2.7
10						
11	13	15	3.961	13	15	4.59
11						
12	13	15	5.963	13	15	6.63
12						
13	13	15	7.969	13	15	8.71
13						
14	13	15	9.963	13	15	10.63
14						
15	13	15	11.972	13	15	12.71
15						
16	13	15	13.948	13	15	14.48
16						
17	13	15	15.949	13	15	16.49
17						
18	13	15	17.948	13	15	18.48
18						
19	13	15	19.955	13	15	20.56
19						
20	13	15	21.976	13	15	22.77
20						
21	13	15	23.954	13	15	24.47
21						
22	13	15	25.958	13	15	26.59
22						
23	13	15	27.962	13	15	28.69
23						
24	13	15	29.97	13	15	30.76
24						
25	13	15	31.945	13	15	32.51
25						
26	13	15	33.973	13	15	34.74
26						
27	13	15	35.974	13	15	36.73
27						
28	13	15	37.961	13	15	38.57
28						
29	13	15	39.963	13	15	40.61
29						
30	13	15	41.965	13	15	42.65
30						
31	13	15	43.973	13	15	44.73
31						
32	13	15	45.945	13	15	46.77
32						
33	13	15	47.948	13	15	48.48
33						
34	13	15	49.952	13	15	50.54
34						
35	13	15	51.964	13	15	52.64
35						
36	13	15	53.971	13	15	54.72
36						
37	13	15	55.95	13	15	56.57
37						
38	13	15	57.964	13	15	58.63
38						
39	13	15	59.951	13	16	0.5
39						
40	13	16	1.948	13	16	2.45
40						
41	13	16	3.964	13	16	4.62
41						
42	13	16	5.964	13	16	6.64
42						
43	13	16	7.966	13	16	8.66
43						
44	13	16	9.965	13	16	10.64
44						
45	13	16	11.962	13	16	12.69
45						
46	13	16	13.947	13	16	14.47
46						
47	13	16	15.976	13	16	16.78
47						
48	13	16	17.948	13	16	18.54
48						
49	13	16	19.962	13	16	20.64
49						
50	13	16	21.972	13	16	22.74
50						
51	13	16	23.97	13	16	24.64
51						
52	13	16	25.964	13	16	26.59
52						
53	13	16	27.975	13	16	28.77
53						
54	13	16	29.978	13	16	30.63
54						
55	13	16	31.964	13	16	32.63
55						
56	13	16	33.961	13	16	34.57
56						
57	13	16	35.963	13	16	36.65
57						
58	13	16	37.959	13	16	38.61
58						
59	13	16	39.945	13	16	40.45
59						
60	13	16	41.977	13	16	42.51
60						
61	13	16	43.945	13	16	44.55
61						
62	13	16	45.96	13	16	46.62
62						
63	13	16	47.97	13	16	48.69
63						
64	13	16	49.949	13	16	50.6
64						
65	13	16	51.966	13	16	52.72
65						
66	13	16	53.976	13	16	54.77
66						
67	13	16	55.946	13	16	56.49
67						
68	13	16	57.954	13	16	58.56
68						
69	13	16	59.964	13	17	0.63
69						
70	13	17	1.97	13	17	2.7
70						
71	13	17	3.972	13	17	4.73
71						
72	13	17	5.946	13	17	6.47
72						
73	13	17	7.966	13	17	8.65
73						
74	13	17	9.948	13	17	10.52
74						
75	13	17	11.965	13	17	12.65
75						
76	13	17	13.969	13	17	14.7
76						
77	13	17	15.962	13	17	16.62
77						
78	13	17	17.965	13	17	18.64
78						
79	13	17	19.968	13	17	20.69
79						
80	13	17	21.946	13	17	22.46
80						
81	13	17	23.962	13	17	24.61
81						
82	13	17	25.964	13	17	26.64
82						
83	13	17	27.966	13	17	28.66
83						
84	13	17	29.971	13	17	30.76
84						
85	13	17	31.976	13	17	32.74
85						
86	13	17	33.975	13	17	34.44
86						
87	13	17	35.958	13	17	36.58
87						
88	13	17	37.974	13	17	38.75
88						
89	13	17	39.976	13	17	40.76
89						
90	13	17	41.971	13	17	42.73
90						
91	13	17	43.976	13	17	44.8
91						
92	13	17	45.945	13	17	46.52
92						
93	13	17	47.974	13	17	48.77
93						
94	13	17	49.957	13	17	50.57
94						
95	13	17	51.961	13	17	52.61
95						
96	13	17	53.973	13	17	54.74
96						
97	13	17	55.956	13	17	56.56
97						
98	13	17	57.969	13	17	58.74
98						
99	13	17	59.97	13	18	0.7
99						
100	13	18	1.951	13	18	2.56
100						
101	13	18	3.958	13	18	4.61
101						
102	13	18	5.965	13	18	6.64
102						
103	13	18	7.973	13	18	8.73
103						
104	13	18	9.952	13	18	10.54
104						
105	13	18	11.961	13	18	12.54
105						
106	13	18	13.965	13	18	14.67
106						
107	13	18	15.977	13	18	16.76
107						
108	13	18	17.952	13	18	18.5
108						
109	13	18	19.951	13	18	20.54
109						
110	13	18	21.965	13	18	22.65
110						
111	13	18	23.945	13	18	24.48
111						
112	13	18	25.961	13	18	26.5
112						
113	13	18	27.972	13	18	28.65
113						
114	13	18	29.95	13	18	30.62
114						
115	13	18	31.985	13	18	32.59
115						
116	13	18	33.961	13	18	34.61
116						
117	13	18	35.961	13	18	36.61
117						
118	13	18	37.961	13	18	38.59
118						
119	13	18	39.97	13	18	40.65
119						
120	13	18	41.961	13	18	42.61
120						
121	13	18	43.974	13	18	44.77
121						
122	13	18	45.96	13	18	46.61
122						
123	13	18	47.975	13	18	48.75
123						
124	13	18	49.944	13	18	50.54
124						
125	13	18	51.958	13	18	52.59
125						
126	13	18	53.972	13	18	54.65
126						
127	13	18	55.945	13	18	56.45
127						
128	13	18	57.956	13	18	58.57
128						
129	13	18	59.961	13	19	0.61
129						
130	13	19	1.977	13	19	2.7
130						
131	13	19	3.95	13	19	4.49
131						
132	13	19	5.959	13	19	6.69
132						
133	13	19	7.944	13	19	8.54
133						
134	13	19	9.957	13	19	10.56
134						
135	13	19	11.957	13	19	12.58
135						
136	13	19	13.974	13	19	14.72
136						
137	13	19	15.947	13	19	16.47
137						
138	13	19	17.948	13	19	18.48
138						
139	13	19	19.977	13	19	20.73
139						
140	13	19	21.98	13	19	22.49
140						
141	13	19	23.947	13	19	24.46
141						
142	13	19	25.951	13	19	26.51
142						
143	13	19	27.951	13	19	28.59
143						
144	13	19	29.949	13	19	30.48
144						
145	13	19	31.963	13	19	32.62
145						
146	13	19	33.974	13	19	34.75
146						
147	13	19	35.964	13	19	36.64
147						
148	13	19	37.95	13	19	38.57
148						
149	13	19	39.964	13	19	40.63
149						
150	13	19	41.976	13	19	42.77
150						
151	13	19	43.951	13	19	44.5
151						
152	13	19	45.977	13	19	46.47
152						
153	13	19	47.948	13	19	48.56
153						
154	13	19	49.976	13	19	50.44
154						
155	13	19	51.948	13	19	52.56
155						
156	13	19	53.96	13	19	54.59
156						
157	13	19	55.971	13	19	56.54
157						
158	13	19	57.944	13	19	58.76
158						
159	13	19	59.956	13	20	0.56
159						
160	13	20	1.958	13	20	2.6
160						
161	13	20	3.967	13	20	4.67
161						
162	13	20	5.949	13	20	6.49
162						
163	13	20	7.955	13	20	8.51
163						
164	13	20	9.967	13	20	10.47
164						
165	13	20	11.974	13	20	12.76
165						
166	13	20	13.95	13	20	14.5
166						
167	13	20	15.953	13	20	16.52
167						
168	13	20	17.948	13	20	18.49
168						
169	13	20	19.949	13	20	20.49
169						
170	13	20	21.957	13	20	22.56
170						
171	13	20	23.957	13	20	24.56
171						
172	13	20	25.968	13	20	26.69
172						
173	13	20	27.949	13	20	28.51
173						
174	13	20	29.953	13	20	30.53
174						
175	13	20	31.97	13	20	32.54
175						
176	13	20	33.949	13	20	34.48
176						
177	13	20	35.949	13	20	36.6
177						
178	13	20	37.965	13	20	38.71
178						
179	13	20	39.97	13	20	40.46
179						
180	13	20	41.948	13	20	42.49
180						
181	13	20	43.967	13	20	44.72
181						
182	13	20	45.951	13	20	46.52
182						
183	13	20	47.951	13	20	48.5
183						
184	13	20	49.949	13	20	50.5
184						
185	13	20	51.957	13	20	52.55
185						
186	13	20	53.964	13	20	54.66
186						
187	13	20	55.955	13	20	56.57
187						
188	13	20	57.968	13	20	58.56
188						
189	13	20	59.961	13	21	0.61
189						
190	13	21	1.964	13	21	2.64
190						
191	13	21	3.97	13	21	4.7
191						
192	13	21	5.958	13	21	6.59
192						
193	13	21	7.957	13	21	8.69
193						
194	13	21	9.954	13	21	10.56
194						
195	13	21	11.962	13	21	12.62
195						
196	13	21	13.964	13	21	14.73
196						
197	13	21	15.975	13	21	16.51
197						
198	13	21	17.956	13	21	18.56
198						
199	13	21	19.973	13	21	20.73
199						
200	13	21	21.952	13	21	22.53
200						
201	13	21	23.966	13	21	24.66
201						
202	13	21	25.97	13	21	26.49
202						
203	13	21	27.951	13	21	28.53
203						
204	13	21	29.956	13	21	30.57
204						
205	13	21	31.948	13	21	32.48
205						
206	13	21	33.947	13	21	34.47
206						
207	13	21	35.961	13	21	36.72
207						
208	13	21	37.959	13	21	38.6
208						
209	13	21	39.977	13	21	40.66
209						
210	13	21	41.971	13	21	42.71
210						
211	13	21	43.955	13	21	44.63
211						
212	13	21	45.946	13	21	46.51
212						
213	13	21	47.967	13	21	48.68
213						
214	13	21	49.947	13	21	50.5
214						
215	13	21	51.957	13	21	52.67
215						
216	13	21	53.949	13	21	54.62
216						
217	13	21	55.96	13	21	56.66
217						
218	13	21	57.978	13	21	58.51
218						
219	13	21	59.962	13	22	0.62
219						
220	13	22	1.971	13	22	2.48
220						
221	13	22	3.949	13	22	4.57
221						
222	13	22	5.959	13	22	6.61
222						
223	13	22	7.945	13	22	8.45
223						
224	13	22	9.957	13	22	10.62
224						
225	13	22	11.945	13	22	12.45
225						
226	13	22	13.964	13	22	14.63
226						
227	13	22	15.964	13	22	16.71
227						
228	13	22	17.951	13	22	18.54
228						
229	13	22	19.959	13	22	20.59
229						
230	13	22	21.961	13	22	22.61
230						
231	13	22	23.949	13	22	24.46
231						
232	13	22	25.96	13	22	26.6
232						
233	13	22	27.973	13	22	28.71
233						
234	13	22	29.954	13	22	30.54
234						
235	13	22	31.97	13	22	32.7
235						
236	13	22	33.948	13	22	34.53
236						
237	13	22	35.953	13	22	36.53
237						
238	13	22	37.978	13	22	38.45
238						
239	13	22	39.947	13	22	40.46
239						
240	13	22	41.957	13	22	42.56
240						
241	13	22	43.965	13	22	44.64
241						
242	13	22	45.968	13	22	46.7
242						
243	13	22	47.953	13	22	48.53
243						
244	13	22	49.966	13	22	50.71
244						
245	13	22	51.965	13	22	52.7
245						
246	13	22	53.969	13	22	54.69
246						
247	13	22	55.947	13	22	56.49
247						
248	13	22	57.945	13	22	58.45
248						
249	13	22	59.948	13	23	0.45
249						
250	13	23	1.967	13	23	2.7
250						
251	13	23	3.973	13	23	4.76
251						
252	13	23	5.947	13	23	6.48
252						
253	13	23	7.95	13	23	8.51
253						
254	13	23	9.962	13	23	10.62
254						
255	13	23	11.972	13	23	12.7
255						
256	13	23	13.975	13	23	14.74
256						
257	13	23	15.955	13	23	16.65
257						
258	13	23	17.958	13	23	18.58
258						
259	13	23	19.961	13	23	20.6
259						
260	13	23	21.961	13	23	22.68
260						
261	13	23	23.946	13	23	24.46
261						
262	13	23	25.95	13	23	26.51
262						
263	13	23	27.958	13	23	28.58
263						
264	13	23	29.965	13	23	30.65
264						
265	13	23	31.973	13	23	32.74
265						
266	13	23	33.947	13	23	34.46
266						
267	13	23	35.962	13	23	36.64
267						
268	13	23	37.976	13	23	38.75
268						
269	13	23	39.944	13	23	40.76
269						
270	13	23	41.953	13	23	42.53
270						
271	13	23	43.97	13	23	44.53
271						
272	13	23	45.957	13	23	46.7
272						
273	13	23	47.945	13	23	48.46
273						
274	13	23	49.951	13	23	50.51
274						
275	13	23	51.962	13	23	52.63
275						
276	13	23	53.97	13	23	54.73
276						
277	13	23	55.969	13	23	56.7
277						
278	13	23	57.949	13	23	58.48
278						
279	13	23	59.949	13	24	0.46
279						
280	13	24	1.949	13	24	2.5
280						
281	13	24	3.969	13	24	4.81
281						
282	13	24	5.967	13	24	6.51
282						
283	13	24	7.956	13	24	8.5
283						
284	13	24	9.962	13	24	10.6
284						
285	13	24	11.975	13	24	12.57
285						
286	13	24	13.959	13	24	14.6
286						
287	13	24	15.944	13	24	16.81
287						
288	13	24	17.961	13	24	18.6
288						
289	13	24	19.965	13	24	20.72
289						
290	13	24	21.945	13	24	22.45
290						
291	13	24	23.966	13	24	24.7
291						
292	13	24	25.949	13	24	26.5
292						
293	13	24	27.957	13	24	28.56
293						
294	13	24	29.96	13	24	30.62
294						
295	13	24	31.974	13	24	32.74
295						
296	13	24	33.952	13	24	34.56
296						
297	13	24	35.959	13	24	36.6
297						
298	13	24	37.961	13	24	38.61
298						
299	13	24	39.967	13	24	40.7
299						
300	13	24	41.946	13	24	42.78
300						
301	13	24	43.963	13	24	44.67
301						
302	13	24	45.984	13	24	46.44
302						
303	13	24	47.947	13	24	48.48
303						
304	13	24	49.95	13	24	50.48
304						
305	13	24	51.954	13	24	52.54
305						
306	13	24	53.979	13	24	54.46
306						
307	13	24	55.954	13	24	56.57
307						
308	13	24	57.968	13	24	58.68
308						
309	13	24	59.968	13	25	0.74
309						
310	13	25	1.972	13	25	2.71
310						
311	13	25	3.947	13	25	4.74
311						
312	13	25	5.947	13	25	6.49
312						
313	13	25	7.955	13	25	8.59
313						
314	13	25	9.965	13	25	10.63
314						
315	13	25	11.966	13	25	12.67
315						
316	13	25	13.952	13	25	14.55
316						
317	13	25	15.964	13	25	16.69
317						
318	13	25	17.952	13	25	18.55
318						
319	13	25	19.945	13	25	20.44
319						
320	13	25	21.946	13	25	22.45
320						
321	13	25	23.974	13	25	24.77
321						
322	13	25	25.966	13	25	26.67
322						
323	13	25	27.965	13	25	28.66
323						
324	13	25	29.947	13	25	30.48
324						
325	13	25	31.946	13	25	32.46
325						
326	13	25	33.958	13	25	34.58
326						
327	13	25	35.96	13	25	36.62
327						
328	13	25	37.974	13	25	38.75
328						
329	13	25	39.947	13	25	40.46
329						
330	13	25	41.945	13	25	42.45
330						
331	13	25	43.961	13	25	44.6
331						
332	13	25	45.963	13	25	46.62
332						
333	13	25	47.976	13	25	48.51
333						
334	13	25	49.952	13	25	50.52
334						
335	13	25	51.957	13	25	52.57
335						
336	13	25	53.966	13	25	54.69
336						
337	13	25	55.983	13	25	56.75
337						
338	13	25	57.948	13	25	58.47
338						
339	13	25	59.952	13	26	0.52
339						
340	13	26	1.964	13	26	2.65
340						
341	13	26	3.963	13	26	4.64
341						
342	13	26	5.964	13	26	6.64
342						
343	13	26	7.972	13	26	8.47
343						
344	13	26	9.947	13	26	10.53
344						
345	13	26	11.964	13	26	12.66
345						
346	13	26	13.966	13	26	14.66
346						
347	13	26	15.969	13	26	16.7
347						
348	13	26	17.951	13	26	18.59
348						
349	13	26	19.953	13	26	20.61
349						
350	13	26	21.964	13	26	22.62
350						
351	13	26	23.967	13	26	24.61
351						
352	13	26	25.95	13	26	26.5
352						
353	13	26	27.975	13	26	28.73
353						
354	13	26	29.955	13	26	30.55
354						
355	13	26	31.951	13	26	32.54
355						
356	13	26	33.944	13	26	34.45
356						
357	13	26	35.962	13	26	36.62
357						
358	13	26	37.944	13	26	38.45
358						
359	13	26	39.948	13	26	40.53
359						
360	13	26	41.961	13	26	42.61
360						
361	13	26	43.962	13	26	44.62
361						
362	13	26	45.965	13	26	46.63
362						
363	13	26	47.945	13	26	48.54
363						
364	13	26	49.945	13	26	50.56
364						
365	13	26	51.957	13	26	52.58
365						
366	13	26	53.972	13	26	54.71
366						
367	13	26	55.972	13	26	56.74
367						
368	13	26	57.949	13	26	58.5
368						
369	13	26	59.954	13	27	0.55
369						
370	13	27	1.974	13	27	2.72
370						
371	13	27	3.977	13	27	4.76
371						
372	13	27	5.949	13	27	6.47
372						
373	13	27	7.954	13	27	8.61
373						
374	13	27	9.96	13	27	10.64
374						
375	13	27	11.964	13	27	12.68
375						
376	13	27	13.948	13	27	14.49
376						
377	13	27	15.951	13	27	16.53
377						
378	13	27	17.954	13	27	18.53
378						
379	13	27	19.97	13	27	20.65
379						
380	13	27	21.972	13	27	22.76
380						
381	13	27	23.947	13	27	24.48
381						
382	13	27	25.949	13	27	26.46
382						
383	13	27	27.951	13	27	28.51
383						
384	13	27	29.953	13	27	30.53
384						
385	13	27	31.962	13	27	32.63
385						
386	13	27	33.963	13	27	34.63
386						
387	13	27	35.975	13	27	36.44
387						
388	13	27	37.95	13	27	38.5
388						
389	13	27	39.975	13	27	40.82
389						
390	13	27	41.976	13	27	42.76
390						
391	13	27	43.96	13	27	44.61
391						
392	13	27	45.963	13	27	46.69
392						
393	13	27	47.966	13	27	48.7
393						
394	13	27	49.976	13	27	50.45
394						
395	13	27	51.967	13	27	52.78
395						
396	13	27	53.957	13	27	54.55
396						
397	13	27	55.973	13	27	56.74
397						
398	13	27	57.962	13	27	58.65
398						
399	13	27	59.976	13	28	0.76
399						
400	13	28	1.953	13	28	2.53
400						
401	13	28	3.964	13	28	4.7
401						
402	13	28	5.971	13	28	6.72
402						
403	13	28	7.96	13	28	8.59
403						
404	13	28	9.974	13	28	10.74
404						
405	13	28	11.958	13	28	12.59
405						
406	13	28	13.965	13	28	14.65
406						
407	13	28	15.966	13	28	16.66
407						
408	13	28	17.97	13	28	18.7
408						
409	13	28	19.973	13	28	20.73
409						
410	13	28	21.962	13	28	22.69
410						
411	13	28	23.965	13	28	24.64
411						
412	13	28	25.971	13	28	26.7
412						
413	13	28	27.977	13	28	28.77
413						
414	13	28	29.967	13	28	30.72
414						
415	13	28	31.969	13	28	32.71
415						
416	13	28	33.948	13	28	34.48
416						
417	13	28	35.963	13	28	36.64
417						
418	13	28	37.971	13	28	38.69
418						
419	13	28	39.977	13	28	40.76
419						
420	13	28	41.953	13	28	42.52
420						
421	13	28	43.96	13	28	44.81
421						
422	13	28	45.947	13	28	46.46
422						
423	13	28	47.964	13	28	48.65
423						
424	13	28	49.961	13	28	50.64
424						
425	13	28	51.967	13	28	52.7
425						
426	13	28	53.965	13	28	54.64
426						
427	13	28	55.978	13	28	56.77
427						
428	13	28	57.944	13	28	58.51
428						
429	13	28	59.96	13	29	0.68
429						
430	13	29	1.944	13	29	2.45
430						
431	13	29	3.946	13	29	4.46
431						
432	13	29	5.955	13	29	6.53
432						
433	13	29	7.957	13	29	8.56
433						
434	13	29	9.963	13	29	10.68
434						
435	13	29	11.974	13	29	12.76
435						
436	13	29	13.951	13	29	14.54
436						
437	13	29	15.957	13	29	16.58
437						
438	13	29	17.959	13	29	18.61
438						
439	13	29	19.974	13	29	20.74
439						
440	13	29	21.96	13	29	22.61
440						
441	13	29	23.968	13	29	24.66
441						
442	13	29	25.97	13	29	26.72
442						
443	13	29	27.974	13	29	28.76
443						
444	13	29	29.947	13	29	30.47
444						
445	13	29	31.954	13	29	32.54
445						
446	13	29	33.967	13	29	34.68
446						
447	13	29	35.968	13	29	36.67
447						
448	13	29	37.966	13	29	38.66
448						
449	13	29	39.976	13	29	40.83
449						
450	13	29	41.973	13	29	42.75
450						
451	13	29	43.963	13	29	44.63
451						
452	13	29	45.969	13	29	46.69
452						
453	13	29	47.946	13	29	48.45
453						
454	13	29	49.956	13	29	50.55
454						
455	13	29	51.952	13	29	52.52
455						
456	13	29	53.958	13	29	54.59
456						
457	13	29	55.966	13	29	56.65
457						
458	13	29	57.975	13	29	58.75
458						
459	13	29	59.946	13	30	0.45
459						
460	13	30	1.953	13	30	2.53
460						
461	13	30	3.963	13	30	4.64
461						
462	13	30	5.977	13	30	6.45
462						
463	13	30	7.946	13	30	8.47
463						
464	13	30	9.96	13	30	10.58
464						
465	13	30	11.963	13	30	12.63
465						
466	13	30	13.963	13	30	14.64
466						
467	13	30	15.977	13	30	16.47
467						
468	13	30	17.96	13	30	18.6
468						
469	13	30	19.963	13	30	20.64
469						
470	13	30	21.971	13	30	22.7
470						
471	13	30	23.979	13	30	24.84
471						
472	13	30	25.97	13	30	26.71
472						
473	13	30	27.976	13	30	28.76
473						
474	13	30	29.977	13	30	30.75
474						
475	13	30	31.978	13	30	32.82
475						
476	13	30	33.96	13	30	34.57
476						
477	13	30	35.97	13	30	36.68
477						
478	13	30	37.973	13	30	38.73
478						
479	13	30	39.946	13	30	40.46
479						
480	13	30	41.951	13	30	42.51
480						
481	13	30	43.958	13	30	44.6
481						
482	13	30	45.962	13	30	46.65
482						
483	13	30	47.959	13	30	48.61
483						
484	13	30	49.963	13	30	50.72
484						
485	13	30	51.947	13	30	52.46
485						
486	13	30	53.964	13	30	54.63
486						
487	13	30	55.97	13	30	56.76
487						
488	13	30	57.946	13	30	58.46
488						
489	13	30	59.954	13	31	0.55
489						
490	13	31	1.961	13	31	2.61
490						
491	13	31	3.97	13	31	4.78
491						
492	13	31	5.945	13	31	6.47
492						
493	13	31	7.95	13	31	8.49
493						
494	13	31	9.967	13	31	10.67
494						
495	13	31	11.976	13	31	12.75
495						
496	13	31	13.948	13	31	14.47
496						
497	13	31	15.96	13	31	16.6
497						
498	13	31	17.969	13	31	18.67
498						
499	13	31	19.974	13	31	20.72
499						
500	13	31	21.977	13	31	22.47
500						
501	13	31	23.945	13	31	24.46
501						
502	13	31	25.955	13	31	26.53
502						
503	13	31	27.961	13	31	28.63
503						
504	13	31	29.97	13	31	30.7
504						
505	13	31	31.974	13	31	32.72
505						
506	13	31	33.954	13	31	34.54
506						
507	13	31	35.955	13	31	36.54
507						
508	13	31	37.954	13	31	38.54
508						
509	13	31	39.95	13	31	40.49
509						
510	13	31	41.951	13	31	42.49
510						
511	13	31	43.956	13	31	44.57
511						
512	13	31	45.963	13	31	46.63
512						
513	13	31	47.946	13	31	48.47
513						
514	13	31	49.953	13	31	50.53
514						
515	13	31	51.966	13	31	52.66
515						
516	13	31	53.972	13	31	54.7
516						
517	13	31	55.954	13	31	56.65
517						
518	13	31	57.971	13	31	58.7
518						
519	13	31	59.949	13	32	0.5
519						
520	13	32	1.967	13	32	2.69
520						
521	13	32	3.948	13	32	4.48
521						
522	13	32	5.951	13	32	6.58
522						
523	13	32	7.965	13	32	8.67
523						
524	13	32	9.975	13	32	10.76
524						
525	13	32	11.946	13	32	12.46
525						
526	13	32	13.945	13	32	14.45
526						
527	13	32	15.95	13	32	16.5
527						
528	13	32	17.959	13	32	18.59
528						
529	13	32	19.959	13	32	20.59
529						
530	13	32	21.956	13	32	22.57
530						
531	13	32	23.964	13	32	24.64
531						
532	13	32	25.974	13	32	26.74
532						
533	13	32	27.975	13	32	28.75
533						
534	13	32	29.973	13	32	30.74
534						
535	13	32	31.975	13	32	32.76
535						
536	13	32	33.968	13	32	34.71
536						
537	13	32	35.974	13	32	36.78
537						
538	13	32	37.975	13	32	38.77
538						
539	13	32	39.954	13	32	40.55
539						
540	13	32	41.973	13	32	42.77
540						
541	13	32	43.959	13	32	44.58
541						
542	13	32	45.96	13	32	46.6
542						
543	13	32	47.952	13	32	48.49
543						
544	13	32	49.966	13	32	50.61
544						
545	13	32	51.969	13	32	52.72
545						
546	13	32	53.974	13	32	54.75
546						
547	13	32	55.952	13	32	56.51
547						
548	13	32	57.961	13	32	58.65
548						
549	13	32	59.966	13	33	0.65
549						
550	13	33	1.955	13	33	2.55
550						
551	13	33	3.966	13	33	4.67
551						
552	13	33	5.975	13	33	6.79
552						
553	13	33	7.961	13	33	8.63
553						
554	13	33	9.967	13	33	10.69
554						
555	13	33	11.968	13	33	12.71
555						
556	13	33	13.968	13	33	14.69
556						
557	13	33	15.97	13	33	16.74
557						
558	13	33	17.974	13	33	18.71
558						
559	13	33	19.971	13	33	20.5
559						
560	13	33	21.962	13	33	22.62
560						
561	13	33	23.968	13	33	24.67
561						
562	13	33	25.945	13	33	26.44
562						
563	13	33	27.948	13	33	28.48
563						
564	13	33	29.969	13	33	30.73
564						
565	13	33	31.962	13	33	32.61
565						
566	13	33	33.964	13	33	34.64
566						
567	13	33	35.965	13	33	36.63
567						
568	13	33	37.969	13	33	38.69
568						
569	13	33	39.973	13	33	40.73
569						
570	13	33	41.957	13	33	42.57
570						
571	13	33	43.968	13	33	44.61
571						
572	13	33	45.974	13	33	46.72
572						
573	13	33	47.963	13	33	48.64
573						
574	13	33	49.954	13	33	50.54
574						
575	13	33	51.959	13	33	52.61
575						
576	13	33	53.973	13	33	54.82
576						
577	13	33	55.952	13	33	56.54
577						
578	13	33	57.949	13	33	58.49
578						
579	13	33	59.948	13	34	0.47
579						
580	13	34	1.951	13	34	2.52
580						
581	13	34	3.966	13	34	4.65
581						
582	13	34	5.964	13	34	6.65
582						
583	13	34	7.974	13	34	8.72
583						
584	13	34	9.976	13	34	10.45
584						
585	13	34	11.966	13	34	12.65
585						
586	13	34	13.969	13	34	14.69
586						
587	13	34	15.95	13	34	16.49
587						
588	13	34	17.96	13	34	18.6
588						
589	13	34	19.968	13	34	20.74
589						
590	13	34	21.969	13	34	22.7
590						
591	13	34	23.949	13	34	24.49
591						
592	13	34	25.955	13	34	26.57
592						
593	13	34	27.949	13	34	28.49
593						
594	13	34	29.95	13	34	30.5
594						
595	13	34	31.961	13	34	32.6
595						
596	13	34	33.961	13	34	34.62
596						
597	13	34	35.978	13	34	36.78
597						
598	13	34	37.954	13	34	38.57
598						
599	13	34	39.962	13	34	40.67
599						
600	13	34	41.967	13	34	42.66
600						
601	13	34	43.971	13	34	44.79
601						
602	13	34	45.946	13	34	46.46
602						
603	13	34	47.957	13	34	48.56
603						
604	13	34	49.955	13	34	50.57
604						
605	13	34	51.958	13	34	52.59
605						
606	13	34	53.962	13	34	54.61
606						
607	13	34	55.945	13	34	56.46
607						
608	13	34	57.954	13	34	58.53
608						
609	13	34	59.95	13	35	0.53
609						
610	13	35	1.953	13	35	2.53
610						
611	13	35	3.949	13	35	4.5
611						
612	13	35	5.952	13	35	6.52
612						
613	13	35	7.964	13	35	8.63
613						
614	13	35	9.965	13	35	10.65
614						
615	13	35	11.97	13	35	12.54
615						
616	13	35	13.955	13	35	14.54
616						
617	13	35	15.98	13	35	16.72
617						
618	13	35	17.952	13	35	18.52
618						
619	13	35	19.954	13	35	20.54
619						
620	13	35	21.962	13	35	22.65
620						
621	13	35	23.958	13	35	24.59
621						
622	13	35	25.964	13	35	26.64
622						
623	13	35	27.974	13	35	28.74
623						
624	13	35	29.968	13	35	30.68
624						
625	13	35	31.961	13	35	32.61
625						
626	13	35	33.963	13	35	34.63
626						
627	13	35	35.971	13	35	36.45
627						
628	13	35	37.946	13	35	38.45
628						
629	13	35	39.95	13	35	40.51
629						
630	13	35	41.956	13	35	42.55
630						
631	13	35	43.965	13	35	44.64
631						
632	13	35	45.946	13	35	46.47
632						
633	13	35	47.961	13	35	48.62
633						
634	13	35	49.97	13	35	50.76
634						
635	13	35	51.972	13	35	52.74
635						
636	13	35	53.957	13	35	54.59
636						
637	13	35	55.962	13	35	56.62
637						
638	13	35	57.966	13	35	58.66
638						
639	13	35	59.966	13	36	0.65
639						
640	13	36	1.97	13	36	2.7
640						
641	13	36	3.977	13	36	4.72
641						
642	13	36	5.973	13	36	6.72
642						
643	13	36	7.946	13	36	8.79
643						
644	13	36	9.949	13	36	10.48
644						
645	13	36	11.961	13	36	12.64
645						
646	13	36	13.972	13	36	14.72
646						
647	13	36	15.97	13	36	16.71
647						
648	13	36	17.953	13	36	18.53
648						
649	13	36	19.964	13	36	20.64
649						
650	13	36	21.964	13	36	22.65
650						
651	13	36	23.964	13	36	24.69
651						
652	13	36	25.973	13	36	26.75
652						
653	13	36	27.97	13	36	28.69
653						
654	13	36	29.956	13	36	30.53
654						
655	13	36	31.965	13	36	32.63
655						
656	13	36	33.961	13	36	34.61
656						
657	13	36	35.967	13	36	36.67
657						
658	13	36	37.948	13	36	38.47
658						
659	13	36	39.955	13	36	40.57
659						
660	13	36	41.975	13	36	42.45
660						
661	13	36	43.96	13	36	44.61
661						
662	13	36	45.969	13	36	46.72
662						
663	13	36	47.966	13	36	48.68
663						
664	13	36	49.944	13	36	50.82
664						
665	13	36	51.962	13	36	52.56
665						
666	13	36	53.967	13	36	54.65
666						
667	13	36	55.98	13	36	56.52
667						
668	13	36	57.967	13	36	58.67
668						
669	13	36	59.952	13	37	0.52
669						
670	13	37	1.96	13	37	2.6
670						
671	13	37	3.979	13	37	4.8
671						
672	13	37	5.958	13	37	6.59
672						
673	13	37	7.971	13	37	8.72
673						
674	13	37	9.973	13	37	10.75
674						
675	13	37	11.96	13	37	12.62
675						
676	13	37	13.969	13	37	14.69
676						
677	13	37	15.975	13	37	16.71
677						
678	13	37	17.954	13	37	18.55
678						
679	13	37	19.959	13	37	20.6
679						
680	13	37	21.966	13	37	22.65
680						
681	13	37	23.977	13	37	24.51
681						
682	13	37	25.964	13	37	26.65
682						
683	13	37	27.96	13	37	28.58
683						
684	13	37	29.947	13	37	30.47
684						
685	13	37	31.946	13	37	32.79
685						
686	13	37	33.946	13	37	34.46
686						
687	13	37	35.949	13	37	36.49
687						
688	13	37	37.95	13	37	38.51
688						
689	13	37	39.951	13	37	40.53
689						
690	13	37	41.963	13	37	42.65
690						
691	13	37	43.97	13	37	44.71
691						
692	13	37	45.951	13	37	46.51
692						
693	13	37	47.97	13	37	48.73
693						
694	13	37	49.962	13	37	50.63
694						
695	13	37	51.947	13	37	52.49
695						
696	13	37	53.977	13	37	54.77
696						
697	13	37	55.963	13	37	56.64
697						
698	13	37	57.981	13	37	58.53
698						
699	13	37	59.976	13	38	0.78
699						
700	13	38	1.955	13	38	2.52
700						
701	13	38	3.963	13	38	4.65
701						
702	13	38	5.956	13	38	6.58
702						
703	13	38	7.963	13	38	8.64
703						
704	13	38	9.963	13	38	10.65
704						
705	13	38	11.946	13	38	12.46
705						
706	13	38	13.946	13	38	14.47
706						
707	13	38	15.953	13	38	16.52
707						
708	13	38	17.971	13	38	18.77
708						
709	13	38	19.956	13	38	20.55
709						
710	13	38	21.959	13	38	22.59
710						
711	13	38	23.97	13	38	24.72
711						
712	13	38	25.976	13	38	26.77
712						
713	13	38	27.954	13	38	28.54
713						
714	13	38	29.977	13	38	30.49
714						
715	13	38	31.956	13	38	32.57
715						
716	13	38	33.975	13	38	34.76
716						
717	13	38	35.956	13	38	36.56
717						
718	13	38	37.968	13	38	38.69
718						
719	13	38	39.946	13	38	40.46
719						
720	13	38	41.956	13	38	42.65
720						
721	13	38	43.953	13	38	44.53
721						
722	13	38	45.97	13	38	46.7
722						
723	13	38	47.952	13	38	48.52
723						
724	13	38	49.969	13	38	50.7
724						
725	13	38	51.952	13	38	52.52
725						
726	13	38	53.956	13	38	54.62
726						
727	13	38	55.965	13	38	56.71
727						
728	13	38	57.946	13	38	58.54
728						
729	13	38	59.966	13	39	0.66
729						
730	13	39	1.961	13	39	2.64
730						
731	13	39	3.949	13	39	4.51
731						
732	13	39	5.961	13	39	6.6
732						
733	13	39	7.959	13	39	8.59
733						
734	13	39	9.964	13	39	10.65
734						
735	13	39	11.957	13	39	12.6
735						
736	13	39	13.974	13	39	14.75
736						
737	13	39	15.948	13	39	16.48
737						
738	13	39	17.961	13	39	18.66
738						
739	13	39	19.975	13	39	20.75
739						
740	13	39	21.978	13	39	22.44
740						
741	13	39	23.956	13	39	24.55
741						
742	13	39	25.961	13	39	26.62
742						
743	13	39	27.973	13	39	28.83
743						
744	13	39	29.966	13	39	30.67
744						
745	13	39	31.974	13	39	32.73
745						
746	13	39	33.97	13	39	34.71
746						
747	13	39	35.958	13	39	36.58
747						
748	13	39	37.944	13	39	38.46
748						
749	13	39	39.96	13	39	40.58
749						
750	13	39	41.961	13	39	42.58
750						
751	13	39	43.964	13	39	44.65
751						
752	13	39	45.973	13	39	46.73
752						
753	13	39	47.965	13	39	48.74
753						
754	13	39	49.972	13	39	50.73
754						
755	13	39	51.957	13	39	52.57
755						
756	13	39	53.974	13	39	54.48
756						
757	13	39	55.95	13	39	56.49
757						
758	13	39	57.964	13	39	58.59
758						
759	13	39	59.946	13	40	0.47
759						
760	13	40	1.955	13	40	2.57
760						
761	13	40	3.948	13	40	4.48
761						
762	13	40	5.96	13	40	6.6
762						
763	13	40	7.95	13	40	8.49
763						
764	13	40	9.947	13	40	10.47
764						
765	13	40	11.949	13	40	12.53
765						
766	13	40	13.97	13	40	14.69
766						
767	13	40	15.954	13	40	16.55
767						
768	13	40	17.96	13	40	18.62
768						
769	13	40	19.974	13	40	20.73
769						
770	13	40	21.947	13	40	22.46
770						
771	13	40	23.946	13	40	24.48
771						
772	13	40	25.961	13	40	26.62
772						
773	13	40	27.96	13	40	28.67
773						
774	13	40	29.961	13	40	30.71
774						
775	13	40	31.971	13	40	32.71
775						
776	13	40	33.958	13	40	34.56
776						
777	13	40	35.961	13	40	36.6
777						
778	13	40	37.956	13	40	38.56
778						
779	13	40	39.973	13	40	40.73
779						
780	13	40	41.977	13	40	42.77
780						
781	13	40	43.951	13	40	44.53
781						
782	13	40	45.964	13	40	46.64
782						
783	13	40	47.945	13	40	48.51
783						
784	13	40	49.956	13	40	50.57
784						
785	13	40	51.964	13	40	52.67
785						
786	13	40	53.957	13	40	54.58
786						
787	13	40	55.966	13	40	56.65
787						
788	13	40	57.972	13	40	58.71
788						
789	13	40	59.952	13	41	0.52
789						
790	13	41	1.96	13	41	2.6
790						
791	13	41	3.971	13	41	4.65
791						
792	13	41	5.946	13	41	6.52
792						
793	13	41	7.946	13	41	8.46
793						
794	13	41	9.952	13	41	10.52
794						
795	13	41	11.968	13	41	12.68
795						
796	13	41	13.949	13	41	14.49
796						
797	13	41	15.953	13	41	16.56
797						
798	13	41	17.965	13	41	18.63
798						
799	13	41	19.973	13	41	20.75
799						
800	13	41	21.959	13	41	22.59
800						
801	13	41	23.96	13	41	24.62
801						
802	13	41	25.965	13	41	26.65
802						
803	13	41	27.972	13	41	28.7
803						
804	13	41	29.949	13	41	30.54
804						
805	13	41	31.946	13	41	32.56
805						
806	13	41	33.96	13	41	34.61
806						
807	13	41	35.945	13	41	36.44
807						
808	13	41	37.963	13	41	38.57
808						
809	13	41	39.952	13	41	40.47
809						
810	13	41	41.95	13	41	42.52
810						
811	13	41	43.973	13	41	44.72
811						
812	13	41	45.967	13	41	46.63
812						
813	13	41	47.972	13	41	48.72
813						
814	13	41	49.977	13	41	50.75
814						
815	13	41	51.961	13	41	52.71
815						
816	13	41	53.967	13	41	54.68
816						
817	13	41	55.974	13	41	56.74
817						
818	13	41	57.957	13	41	58.56
818						
819	13	41	59.958	13	42	0.56
819						
820	13	42	1.965	13	42	2.64
820						
821	13	42	3.972	13	42	4.73
821						
822	13	42	5.952	13	42	6.52
822						
823	13	42	7.957	13	42	8.62
823						
824	13	42	9.967	13	42	10.71
824						
825	13	42	11.946	13	42	12.47
825						
826	13	42	13.95	13	42	14.5
826						
827	13	42	15.964	13	42	16.64
827						
828	13	42	17.966	13	42	18.68
828						
829	13	42	19.948	13	42	20.49
829						
830	13	42	21.966	13	42	22.67
830						
831	13	42	23.951	13	42	24.5
831						
832	13	42	25.963	13	42	26.63
832						
833	13	42	27.969	13	42	28.67
833						
834	13	42	29.977	13	42	30.45
834						
835	13	42	31.946	13	42	32.45
835						
836	13	42	33.949	13	42	34.48
836						
837	13	42	35.961	13	42	36.6
837						
838	13	42	37.971	13	42	38.73
838						
839	13	42	39.946	13	42	40.45
839						
840	13	42	41.964	13	42	42.64
840						
841	13	42	43.945	13	42	44.47
841						
842	13	42	45.961	13	42	46.61
842						
843	13	42	47.962	13	42	48.61
843						
844	13	42	49.952	13	42	50.51
844						
845	13	42	51.951	13	42	52.49
845						
846	13	42	53.953	13	42	54.56
846						
847	13	42	55.962	13	42	56.64
847						
848	13	42	57.97	13	42	58.69
848						
849	13	42	59.946	13	43	0.51
849						
850	13	43	1.961	13	43	2.59
850						
851	13	43	3.963	13	43	4.65
851						
852	13	43	5.965	13	43	6.67
852						
853	13	43	7.948	13	43	8.47
853						
854	13	43	9.962	13	43	10.63
854						
855	13	43	11.972	13	43	12.72
855						
856	13	43	13.975	13	43	14.46
856						
857	13	43	15.953	13	43	16.54
857						
858	13	43	17.964	13	43	18.65
858						
859	13	43	19.967	13	43	20.66
859						
860	13	43	21.972	13	43	22.71
860						
861	13	43	23.944	13	43	24.45
861						
862	13	43	25.957	13	43	26.58
862						
863	13	43	27.966	13	43	28.65
863						
864	13	43	29.966	13	43	30.65
864						
865	13	43	31.973	13	43	32.68
865						
866	13	43	33.963	13	43	34.63
866						
867	13	43	35.962	13	43	36.62
867						
868	13	43	37.962	13	43	38.61
868						
869	13	43	39.967	13	43	40.72
869						
870	13	43	41.97	13	43	42.72
870						
871	13	43	43.95	13	43	44.49
871						
872	13	43	45.959	13	43	46.61
872						
873	13	43	47.965	13	43	48.64
873						
874	13	43	49.977	13	43	50.77
874						
875	13	43	51.95	13	43	52.48
875						
876	13	43	53.957	13	43	54.57
876						
877	13	43	55.963	13	43	56.63
877						
878	13	43	57.961	13	43	58.63
878						
879	13	43	59.965	13	44	0.68
879						
880	13	44	1.956	13	44	2.57
880						
881	13	44	3.966	13	44	4.64
881						
882	13	44	5.966	13	44	6.67
882						
883	13	44	7.961	13	44	8.63
883						
884	13	44	9.964	13	44	10.63
884						
885	13	44	11.966	13	44	12.65
885						
886	13	44	13.965	13	44	14.65
886						
887	13	44	15.964	13	44	16.65
887						
888	13	44	17.963	13	44	18.64
888						
889	13	44	19.971	13	44	20.47
889						
890	13	44	21.947	13	44	22.48
890						
891	13	44	23.953	13	44	24.52
891						
892	13	44	25.965	13	44	26.64
892						
893	13	44	27.969	13	44	28.5
893						
894	13	44	29.948	13	44	30.48
894						
895	13	44	31.953	13	44	32.53
895						
896	13	44	33.95	13	44	34.51
896						
897	13	44	35.965	13	44	36.65
897						
898	13	44	37.947	13	44	38.47
898						
899	13	44	39.957	13	44	40.52
899						
900	13	44	41.966	13	44	42.65
900						
901	13	44	43.944	13	44	44.77
901						
902	13	44	45.953	13	44	46.52
902						
903	13	44	47.959	13	44	48.59
903						
904	13	44	49.964	13	44	50.62
904						
905	13	44	51.965	13	44	52.67
905						
906	13	44	53.972	13	44	54.71
906						
907	13	44	55.975	13	44	56.77
907						
908	13	44	57.947	13	44	58.47
908						
909	13	44	59.962	13	45	0.64
909						
910	13	45	1.974	13	45	2.74
910						
911	13	45	3.948	13	45	4.48
911						
912	13	45	5.959	13	45	6.59
912						
913	13	45	7.964	13	45	8.67
913						
914	13	45	9.976	13	45	10.77
914						
915	13	45	11.958	13	45	12.59
915						
916	13	45	13.97	13	45	14.7
916						
917	13	45	15.98	13	45	16.76
917						
918	13	45	17.961	13	45	18.56
918						
919	13	45	19.961	13	45	20.61
919						
920	13	45	21.964	13	45	22.65
920						
921	13	45	23.971	13	45	24.66
921						
922	13	45	25.956	13	45	26.58
922						
923	13	45	27.962	13	45	28.62
923						
924	13	45	29.973	13	45	30.72
924						
925	13	45	31.952	13	45	32.53
925						
926	13	45	33.97	13	45	34.44
926						
927	13	45	35.952	13	45	36.51
927						
928	13	45	37.963	13	45	38.66
928						
929	13	45	39.973	13	45	40.74
929						
930	13	45	41.953	13	45	42.53
930						
931	13	45	43.962	13	45	44.61
931						
932	13	45	45.959	13	45	46.61
932						
933	13	45	47.963	13	45	48.64
933						
934	13	45	49.959	13	45	50.78
934						
935	13	45	51.952	13	45	52.53
935						
936	13	45	53.96	13	45	54.6
936						
937	13	45	55.967	13	45	56.66
937						
938	13	45	57.976	13	45	58.74
938						
939	13	45	59.962	13	46	0.62
939						
940	13	46	1.975	13	46	2.74
940						
941	13	46	3.954	13	46	4.53
941						
942	13	46	5.959	13	46	6.59
942						
943	13	46	7.962	13	46	8.71
943						
944	13	46	9.978	13	46	10.46
944						
945	13	46	11.956	13	46	12.55
945						
946	13	46	13.971	13	46	14.49
946						
947	13	46	15.949	13	46	16.51
947						
948	13	46	17.978	13	46	18.85
948						
949	13	46	19.965	13	46	20.74
949						
950	13	46	21.962	13	46	22.65
950						
951	13	46	23.972	13	46	24.69
951						
952	13	46	25.974	13	46	26.75
952						
953	13	46	27.959	13	46	28.6
953						
954	13	46	29.964	13	46	30.65
954						
955	13	46	31.974	13	46	32.75
955						
956	13	46	33.945	13	46	34.46
956						
957	13	46	35.947	13	46	36.49
957						
958	13	46	37.955	13	46	38.59
958						
959	13	46	39.965	13	46	40.64
959						
960	13	46	41.968	13	46	42.68
960						
961	13	46	43.945	13	46	44.48
961						
962	13	46	45.969	13	46	46.69
962						
963	13	46	47.947	13	46	48.48
963						
964	13	46	49.967	13	46	50.67
964						
965	13	46	51.967	13	46	52.66
965						
966	13	46	53.967	13	46	54.68
966						
967	13	46	55.946	13	46	56.77
967						
968	13	46	57.95	13	46	58.51
968						
969	13	46	59.967	13	47	0.67
969						
970	13	47	1.946	13	47	2.47
970						
971	13	47	3.955	13	47	4.52
971						
972	13	47	5.964	13	47	6.64
972						
973	13	47	7.952	13	47	8.51
973						
974	13	47	9.979	13	47	10.47
974						
975	13	47	11.953	13	47	12.55
975						
976	13	47	13.957	13	47	14.56
976						
977	13	47	15.974	13	47	16.73
977						
978	13	47	17.961	13	47	18.62
978						
979	13	47	19.946	13	47	20.52
979						
980	13	47	21.977	13	47	22.45
980						
981	13	47	23.945	13	47	24.78
981						
982	13	47	25.948	13	47	26.45
982						
983	13	47	27.944	13	47	28.46
983						
984	13	47	29.955	13	47	30.54
984						
985	13	47	31.97	13	47	32.69
985						
986	13	47	33.945	13	47	34.49
986						
987	13	47	35.956	13	47	36.57
987						
988	13	47	37.963	13	47	38.63
988						
989	13	47	39.973	13	47	40.72
989						
990	13	47	41.972	13	47	42.72
990						
991	13	47	43.963	13	47	44.63
991						
992	13	47	45.967	13	47	46.67
992						
993	13	47	47.949	13	47	48.51
993						
994	13	47	49.963	13	47	50.67
994						
995	13	47	51.948	13	47	52.49
995						
996	13	47	53.967	13	47	54.66
996						
997	13	47	55.97	13	47	56.7
997						
998	13	47	57.946	13	47	58.48
998						
999	13	47	59.951	13	48	0.51
999						
1000	13	48	1.963	13	48	2.64
1000						
1001	13	48	3.968	13	48	4.7
1001						
1002	13	48	5.974	13	48	6.74
1002						
1003	13	48	7.978	13	48	8.72
1003						
1004	13	48	9.948	13	48	10.49
1004						
1005	13	48	11.964	13	48	12.64
1005						
1006	13	48	13.95	13	48	14.48
1006						
1007	13	48	15.955	13	48	16.56
1007						
1008	13	48	17.958	13	48	18.56
1008						
1009	13	48	19.977	13	48	20.46
1009						
1010	13	48	21.946	13	48	22.48
1010						
1011	13	48	23.967	13	48	24.6
1011						
1012	13	48	25.977	13	48	26.76
1012						
1013	13	48	27.946	13	48	28.45
1013						
1014	13	48	29.978	13	48	30.77
1014						
1015	13	48	31.95	13	48	32.5
1015						
1016	13	48	33.96	13	48	34.62
1016						
1017	13	48	35.946	13	48	36.45
1017						
1018	13	48	37.955	13	48	38.55
1018						
1019	13	48	39.958	13	48	40.59
1019						
1020	13	48	41.96	13	48	42.58
1020						
1021	13	48	43.958	13	48	44.56
1021						
1022	13	48	45.958	13	48	46.67
1022						
1023	13	48	47.952	13	48	48.52
1023						
1024	13	48	49.96	13	48	50.6
1024						
1025	13	48	51.953	13	48	52.54
1025						
1026	13	48	53.96	13	48	54.69
1026						
1027	13	48	55.964	13	48	56.63
1027						
1028	13	48	57.972	13	48	58.46
1028						
1029	13	48	59.952	13	49	0.49
1029						
1030	13	49	1.967	13	49	2.67
1030						
1031	13	49	3.973	13	49	4.71
1031						
1032	13	49	5.977	13	49	6.75
1032						
1033	13	49	7.956	13	49	8.53
1033						
1034	13	49	9.947	13	49	10.52
1034						
1035	13	49	11.95	13	49	12.49
1035						
1036	13	49	13.96	13	49	14.6
1036						
1037	13	49	15.965	13	49	16.64
1037						
1038	13	49	17.945	13	49	18.46
1038						
1039	13	49	19.946	13	49	20.59
1039						
1040	13	49	21.965	13	49	22.66
1040						
1041	13	49	23.976	13	49	24.47
1041						
1042	13	49	25.956	13	49	26.56
1042						
1043	13	49	27.955	13	49	28.55
1043						
1044	13	49	29.946	13	49	30.46
1044						
1045	13	49	31.948	13	49	32.49
1045						
1046	13	49	33.962	13	49	34.64
1046						
1047	13	49	35.944	13	49	36.45
1047						
1048	13	49	37.945	13	49	38.46
1048						
1049	13	49	39.958	13	49	40.57
1049						
1050	13	49	41.971	13	49	42.71
1050						
1051	13	49	43.972	13	49	44.44
1051						
1052	13	49	45.953	13	49	46.53
1052						
1053	13	49	47.957	13	49	48.56
1053						
1054	13	49	49.968	13	49	50.71
1054						
1055	13	49	51.965	13	49	52.65
1055						
1056	13	49	53.962	13	49	54.64
1056						
1057	13	49	55.963	13	49	56.65
1057						
1058	13	49	57.954	13	49	58.54
1058						
1059	13	49	59.958	13	50	0.6
1059						
1060	13	50	1.968	13	50	2.73
1060						
1061	13	50	3.95	13	50	4.52
1061						
1062	13	50	5.952	13	50	6.52
1062						
1063	13	50	7.953	13	50	8.53
1063						
1064	13	50	9.965	13	50	10.63
1064						
1065	13	50	11.976	13	50	12.73
1065						
1066	13	50	13.944	13	50	14.46
1066						
1067	13	50	15.948	13	50	16.48
1067						
1068	13	50	17.965	13	50	18.65
1068						
1069	13	50	19.967	13	50	20.68
1069						
1070	13	50	21.973	13	50	22.77
1070						
1071	13	50	23.96	13	50	24.61
1071						
1072	13	50	25.964	13	50	26.65
1072						
1073	13	50	27.977	13	50	28.76
1073						
1074	13	50	29.977	13	50	30.75
1074						
1075	13	50	31.954	13	50	32.47
1075						
1076	13	50	33.956	13	50	34.63
1076						
1077	13	50	35.959	13	50	36.59
1077						
1078	13	50	37.959	13	50	38.59
1078						
1079	13	50	39.964	13	50	40.65
1079						
1080	13	50	41.97	13	50	42.69
1080						
1081	13	50	43.957	13	50	44.56
1081						
1082	13	50	45.959	13	50	46.58
1082						
1083	13	50	47.963	13	50	48.75
1083						
1084	13	50	49.966	13	50	50.78
1084						
1085	13	50	51.979	13	50	52.5
1085						
1086	13	50	53.958	13	50	54.57
1086						
1087	13	50	55.971	13	50	56.73
1087						
1088	13	50	57.956	13	50	58.56
1088						
1089	13	50	59.949	13	51	0.5
1089						
1090	13	51	1.966	13	51	2.58
1090						
1091	13	51	3.946	13	51	4.47
1091						
1092	13	51	5.949	13	51	6.48
1092						
1093	13	51	7.948	13	51	8.48
1093						
1094	13	51	9.957	13	51	10.56
1094						
1095	13	51	11.967	13	51	12.64
1095						
1096	13	51	13.97	13	51	14.71
1096						
1097	13	51	15.953	13	51	16.54
1097						
1098	13	51	17.96	13	51	18.64
1098						
1099	13	51	19.976	13	51	20.46
1099						
1100	13	51	21.946	13	51	22.48
1100						
1101	13	51	23.96	13	51	24.65
1101						
1102	13	51	25.947	13	51	26.52
1102						
1103	13	51	27.95	13	51	28.48
1103						
1104	13	51	29.959	13	51	30.61
1104						
1105	13	51	31.97	13	51	32.72
1105						
1106	13	51	33.947	13	51	34.49
1106						
1107	13	51	35.961	13	51	36.6
1107						
1108	13	51	37.964	13	51	38.64
1108						
1109	13	51	39.964	13	51	40.68
1109						
1110	13	51	41.967	13	51	42.7
1110						
1111	13	51	43.953	13	51	44.56
1111						
1112	13	51	45.959	13	51	46.57
1112						
1113	13	51	47.96	13	51	48.59
1113						
1114	13	51	49.971	13	51	50.73
1114						
1115	13	51	51.975	13	51	52.46
1115						
1116	13	51	53.945	13	51	54.46
1116						
1117	13	51	55.962	13	51	56.71
1117						
1118	13	51	57.973	13	51	58.51
1118						
1119	13	51	59.956	13	52	0.57
1119						
1120	13	52	1.976	13	52	2.74
1120						
1121	13	52	3.973	13	52	4.45
1121						
1122	13	52	5.959	13	52	6.58
1122						
1123	13	52	7.962	13	52	8.62
1123						
1124	13	52	9.968	13	52	10.71
1124						
1125	13	52	11.972	13	52	12.71
1125						
1126	13	52	13.946	13	52	14.46
1126						
1127	13	52	15.956	13	52	16.56
1127						
1128	13	52	17.956	13	52	18.56
1128						
1129	13	52	19.972	13	52	20.74
1129						
1130	13	52	21.967	13	52	22.68
1130						
1131	13	52	23.953	13	52	24.54
1131						
1132	13	52	25.968	13	52	26.67
1132						
1133	13	52	27.969	13	52	28.7
1133						
1134	13	52	29.973	13	52	30.74
1134						
1135	13	52	31.954	13	52	32.59
1135						
1136	13	52	33.97	13	52	34.7
1136						
1137	13	52	35.96	13	52	36.63
1137						
1138	13	52	37.962	13	52	38.62
1138						
1139	13	52	39.966	13	52	40.67
1139						
1140	13	52	41.953	13	52	42.57
1140						
1141	13	52	43.963	13	52	44.63
1141						
1142	13	52	45.965	13	52	46.64
1142						
1143	13	52	47.967	13	52	48.69
1143						
1144	13	52	49.96	13	52	50.61
1144						
1145	13	52	51.966	13	52	52.67
1145						
1146	13	52	53.974	13	52	54.47
1146						
1147	13	52	55.953	13	52	56.53
1147						
1148	13	52	57.964	13	52	58.62
1148						
1149	13	52	59.972	13	53	0.73
1149						
1150	13	53	1.973	13	53	2.74
1150						
1151	13	53	3.974	13	53	4.76
1151						
1152	13	53	5.98	13	53	6.44
1152						
1153	13	53	7.963	13	53	8.62
1153						
1154	13	53	9.973	13	53	10.72
1154						
1155	13	53	11.975	13	53	12.75
1155						
1156	13	53	13.948	13	53	14.48
1156						
1157	13	53	15.948	13	53	16.49
1157						
1158	13	53	17.956	13	53	18.68
1158						
1159	13	53	19.978	13	53	20.49
1159						
1160	13	53	21.947	13	53	22.48
1160						
1161	13	53	23.962	13	53	24.64
1161						
1162	13	53	25.968	13	53	26.69
1162						
1163	13	53	27.952	13	53	28.54
1163						
1164	13	53	29.963	13	53	30.65
1164						
1165	13	53	31.966	13	53	32.68
1165						
1166	13	53	33.948	13	53	34.49
1166						
1167	13	53	35.948	13	53	36.47
1167						
1168	13	53	37.955	13	53	38.56
1168						
1169	13	53	39.967	13	53	40.67
1169						
1170	13	53	41.978	13	53	42.5
1170						
1171	13	53	43.948	13	53	44.48
1171						
1172	13	53	45.953	13	53	46.6
1172						
1173	13	53	47.968	13	53	48.67
1173						
1174	13	53	49.951	13	53	50.51
1174						
1175	13	53	51.976	13	53	52.81
1175						
1176	13	53	53.96	13	53	54.59
1176						
1177	13	53	55.967	13	53	56.74
1177						
1178	13	53	57.977	13	53	58.76
1178						
1179	13	53	59.96	13	54	0.58
1179						
1180	13	54	1.971	13	54	2.72
1180						
1181	13	54	3.959	13	54	4.6
1181						
1182	13	54	5.964	13	54	6.68
1182						
1183	13	54	7.953	13	54	8.56
1183						
1184	13	54	9.967	13	54	10.69
1184						
1185	13	54	11.971	13	54	12.73
1185						
1186	13	54	13.976	13	54	14.75
1186						
1187	13	54	15.957	13	54	16.56
1187						
1188	13	54	17.967	13	54	18.77
1188						
1189	13	54	19.97	13	54	20.73
1189						
1190	13	54	21.958	13	54	22.6
1190						
1191	13	54	23.961	13	54	24.61
1191						
1192	13	54	25.967	13	54	26.66
1192						
1193	13	54	27.967	13	54	28.64
1193						
1194	13	54	29.969	13	54	30.67
1194						
1195	13	54	31.974	13	54	32.74
1195						
1196	13	54	33.952	13	54	34.52
1196						
1197	13	54	35.954	13	54	36.55
1197						
1198	13	54	37.947	13	54	38.49
1198						
1199	13	54	39.958	13	54	40.6
1199						
1200	13	54	41.952	13	54	42.51
1200						
1201	13	54	43.953	13	54	44.52
1201						
1202	13	54	45.972	13	54	46.48
1202						
1203	13	54	47.976	13	54	48.68
1203						
1204	13	54	49.955	13	54	50.53
1204						
1205	13	54	51.953	13	54	52.52
1205						
1206	13	54	53.961	13	54	54.61
1206						
1207	13	54	55.965	13	54	56.65
1207						
1208	13	54	57.953	13	54	58.52
1208						
1209	13	54	59.971	13	55	0.69
1209						
1210	13	55	1.973	13	55	2.65
1210						
1211	13	55	3.948	13	55	4.48
1211						
1212	13	55	5.957	13	55	6.59
1212						
1213	13	55	7.964	13	55	8.65
1213						
1214	13	55	9.951	13	55	10.52
1214						
1215	13	55	11.965	13	55	12.65
1215						
1216	13	55	13.946	13	55	14.46
1216						
1217	13	55	15.956	13	55	16.52
1217						
1218	13	55	17.951	13	55	18.52
1218						
1219	13	55	19.955	13	55	20.57
1219						
1220	13	55	21.959	13	55	22.58
1220						
1221	13	55	23.976	13	55	24.52
1221						
1222	13	55	25.958	13	55	26.57
1222						
1223	13	55	27.963	13	55	28.65
1223						
1224	13	55	29.949	13	55	30.49
1224						
1225	13	55	31.958	13	55	32.58
1225						
1226	13	55	33.966	13	55	34.64
1226						
1227	13	55	35.97	13	55	36.69
1227						
1228	13	55	37.947	13	55	38.54
1228						
1229	13	55	39.966	13	55	40.64
1229						
1230	13	55	41.963	13	55	42.63
1230						
1231	13	55	43.976	13	55	44.49
1231						
1232	13	55	45.949	13	55	46.49
1232						
1233	13	55	47.952	13	55	48.52
1233						
1234	13	55	49.964	13	55	50.65
1234						
1235	13	55	51.969	13	55	52.68
1235						
1236	13	55	53.97	13	55	54.7
1236						
1237	13	55	55.953	13	55	56.54
1237						
1238	13	55	57.952	13	55	58.52
1238						
1239	13	55	59.954	13	56	0.52
1239						
1240	13	56	1.975	13	56	2.47
1240						
1241	13	56	3.962	13	56	4.64
1241						
1242	13	56	5.953	13	56	6.56
1242						
1243	13	56	7.97	13	56	8.72
1243						
1244	13	56	9.948	13	56	10.49
1244						
1245	13	56	11.964	13	56	12.66
1245						
1246	13	56	13.971	13	56	14.73
1246						
1247	13	56	15.949	13	56	16.48
1247						
1248	13	56	17.961	13	56	18.59
1248						
1249	13	56	19.957	13	56	20.56
1249						
1250	13	56	21.969	13	56	22.72
1250						
1251	13	56	23.947	13	56	24.48
1251						
1252	13	56	25.956	13	56	26.58
1252						
1253	13	56	27.961	13	56	28.61
1253						
1254	13	56	29.96	13	56	30.61
1254						
1255	13	56	31.969	13	56	32.65
1255						
1256	13	56	33.976	13	56	34.76
1256						
1257	13	56	35.958	13	56	36.58
1257						
1258	13	56	37.965	13	56	38.66
1258						
1259	13	56	39.954	13	56	40.74
1259						
1260	13	56	41.961	13	56	42.62
1260						
1261	13	56	43.965	13	56	44.64
1261						
1262	13	56	45.956	13	56	46.58
1262						
1263	13	56	47.959	13	56	48.62
1263						
1264	13	56	49.965	13	56	50.64
1264						
1265	13	56	51.965	13	56	52.66
1265						
1266	13	56	53.967	13	56	54.64
1266						
1267	13	56	55.97	13	56	56.7
1267						
1268	13	56	57.965	13	56	58.7
1268						
1269	13	56	59.945	13	57	0.48
1269						
1270	13	57	1.964	13	57	2.64
1270						
1271	13	57	3.963	13	57	4.67
1271						
1272	13	57	5.946	13	57	6.46
1272						
1273	13	57	7.947	13	57	8.47
1273						
1274	13	57	9.96	13	57	10.6
1274						
1275	13	57	11.969	13	57	12.7
1275						
1276	13	57	13.964	13	57	14.59
1276						
1277	13	57	15.976	13	57	16.75
1277						
1278	13	57	17.968	13	57	18.73
1278						
1279	13	57	19.965	13	57	20.65
1279						
1280	13	57	21.958	13	57	22.64
1280						
1281	13	57	23.96	13	57	24.64
1281						
1282	13	57	25.963	13	57	26.64
1282						
1283	13	57	27.974	13	57	28.74
1283						
1284	13	57	29.947	13	57	30.46
1284						
1285	13	57	31.977	13	57	32.76
1285						
1286	13	57	33.963	13	57	34.67
1286						
1287	13	57	35.975	13	57	36.74
1287						
1288	13	57	37.956	13	57	38.55
1288						
1289	13	57	39.947	13	57	40.77
1289						
1290	13	57	41.954	13	57	42.54
1290						
1291	13	57	43.969	13	57	44.69
1291						
1292	13	57	45.952	13	57	46.53
1292						
1293	13	57	47.973	13	57	48.74
1293						
1294	13	57	49.95	13	57	50.53
1294						
1295	13	57	51.953	13	57	52.54
1295						
1296	13	57	53.956	13	57	54.63
1296						
1297	13	57	55.965	13	57	56.64
1297						
1298	13	57	57.967	13	57	58.66
1298						
1299	13	57	59.973	13	58	0.73
1299						
1300	13	58	1.972	13	58	2.48
1300						
1301	13	58	3.953	13	58	4.47
1301						
1302	13	58	5.954	13	58	6.56
1302						
1303	13	58	7.965	13	58	8.67
1303						
1304	13	58	9.97	13	58	10.74
1304						
1305	13	58	11.946	13	58	12.46
1305						
1306	13	58	13.948	13	58	14.47
1306						
1307	13	58	15.947	13	58	16.48
1307						
1308	13	58	17.953	13	58	18.54
1308						
1309	13	58	19.961	13	58	20.64
1309						
1310	13	58	21.947	13	58	22.81
1310						
1311	13	58	23.976	13	58	24.76
1311						
1312	13	58	25.968	13	58	26.71
1312						
1313	13	58	27.948	13	58	28.49
1313						
1314	13	58	29.956	13	58	30.58
1314						
1315	13	58	31.972	13	58	32.74
1315						
1316	13	58	33.947	13	58	34.48
1316						
1317	13	58	35.948	13	58	36.46
1317						
1318	13	58	37.959	13	58	38.6
1318						
1319	13	58	39.973	13	58	40.73
1319						
1320	13	58	41.946	13	58	42.47
1320						
1321	13	58	43.955	13	58	44.56
1321						
1322	13	58	45.966	13	58	46.64
1322						
1323	13	58	47.971	13	58	48.72
1323						
1324	13	58	49.957	13	58	50.54
1324						
1325	13	58	51.972	13	58	52.52
1325						
1326	13	58	53.96	13	58	54.6
1326						
1327	13	58	55.976	13	58	56.85
1327						
1328	13	58	57.949	13	58	58.5
1328						
1329	13	58	59.952	13	59	0.65
1329						
1330	13	59	1.975	13	59	2.73
1330						
1331	13	59	3.953	13	59	4.54
1331						
1332	13	59	5.966	13	59	6.67
1332						
1333	13	59	7.968	13	59	8.64
1333						
1334	13	59	9.95	13	59	10.49
1334						
1335	13	59	11.954	13	59	12.54
1335						
1336	13	59	13.948	13	59	14.5
1336						
1337	13	59	15.966	13	59	16.67
1337						
1338	13	59	17.971	13	59	18.69
1338						
1339	13	59	19.963	13	59	20.57
1339						
1340	13	59	21.975	13	59	22.75
1340						
1341	13	59	23.963	13	59	24.6
1341						
1342	13	59	25.947	13	59	26.46
1342						
1343	13	59	27.948	13	59	28.48
1343						
1344	13	59	29.95	13	59	30.49
1344						
1345	13	59	31.956	13	59	32.58
1345						
1346	13	59	33.958	13	59	34.58
1346						
1347	13	59	35.959	13	59	36.6
1347						
1348	13	59	37.959	13	59	38.59
1348						
1349	13	59	39.957	13	59	40.58
1349						
1350	13	59	41.963	13	59	42.63
1350						
1351	13	59	43.946	13	59	44.47
1351						
1352	13	59	45.956	13	59	46.55
1352						
1353	13	59	47.957	13	59	48.56
1353						
1354	13	59	49.957	13	59	50.55
1354						
1355	13	59	51.962	13	59	52.63
1355						
1356	13	59	53.973	13	59	54.72
1356						
1357	13	59	55.976	13	59	56.76
1357						
1358	13	59	57.943	13	59	58.44
1358						
1359	13	59	59.958	14	0	0.56
1359						
1360	14	0	1.972	14	0	2.71
1360						
1361	14	0	3.953	14	0	4.52
1361						
1362	14	0	5.958	14	0	6.59
1362						
1363	14	0	7.976	14	0	8.8
1363						
1364	14	0	9.948	14	0	10.49
1364						
1365	14	0	11.95	14	0	12.52
1365						
1366	14	0	13.956	14	0	14.56
1366						
1367	14	0	15.965	14	0	16.72
1367						
1368	14	0	17.945	14	0	18.45
1368						
1369	14	0	19.949	14	0	20.46
1369						
1370	14	0	21.964	14	0	22.64
1370						
1371	14	0	23.973	14	0	24.46
1371						
1372	14	0	25.949	14	0	26.51
1372						
1373	14	0	27.959	14	0	28.62
1373						
1374	14	0	29.96	14	0	30.54
1374						
1375	14	0	31.952	14	0	32.51
1375						
1376	14	0	33.961	14	0	34.61
1376						
1377	14	0	35.971	14	0	36.76
1377						
1378	14	0	37.958	14	0	38.6
1378						
1379	14	0	39.971	14	0	40.69
1379						
1380	14	0	41.947	14	0	42.49
1380						
1381	14	0	43.947	14	0	44.56
1381						
1382	14	0	45.953	14	0	46.54
1382						
1383	14	0	47.962	14	0	48.63
1383						
1384	14	0	49.946	14	0	50.47
1384						
1385	14	0	51.958	14	0	52.58
1385						
1386	14	0	53.946	14	0	54.8
1386						
1387	14	0	55.955	14	0	56.56
1387						
1388	14	0	57.962	14	0	58.71
1388						
1389	14	0	59.975	14	1	0.76
1389						
1390	14	1	1.961	14	1	2.63
1390						
1391	14	1	3.971	14	1	4.71
1391						
1392	14	1	5.949	14	1	6.5
1392						
1393	14	1	7.953	14	1	8.54
1393						
1394	14	1	9.951	14	1	10.53
1394						
1395	14	1	11.955	14	1	12.55
1395						
1396	14	1	13.96	14	1	14.61
1396						
1397	14	1	15.966	14	1	16.69
1397						
1398	14	1	17.946	14	1	18.46
1398						
1399	14	1	19.949	14	1	20.49
1399						
1400	14	1	21.962	14	1	22.63
1400						
1401	14	1	23.971	14	1	24.71
1401						
1402	14	1	25.95	14	1	26.5
1402						
1403	14	1	27.951	14	1	28.53
1403						
1404	14	1	29.954	14	1	30.6
1404						
1405	14	1	31.962	14	1	32.63
1405						
