,TTL ON,,,TTL OFF
No,hr,min,sec,hr,min,sec
1,17,10,39.514
1,,,,17,10,40.524
2,17,10,41.535
2,,,,17,10,41.634
3,17,10,43.537
3,,,,17,10,43.639
4,17,10,45.514
4,,,,17,10,45.614
5,17,10,47.523
5,,,,17,10,47.626
6,17,10,49.520
6,,,,17,10,49.625
7,17,10,51.536
7,,,,17,10,51.636
8,17,10,53.541
8,,,,17,10,53.642
9,17,10,55.544
9,,,,17,10,55.645
10,17,10,57.526
10,,,,17,10,57.617
11,17,10,59.536
11,,,,17,10,59.640
12,17,11,1.528
12,,,,17,11,1.631
13,17,11,3.531
13,,,,17,11,3.629
14,17,11,5.528
14,,,,17,11,5.627
15,17,11,7.525
15,,,,17,11,7.627
16,17,11,9.524
16,,,,17,11,9.624
17,17,11,11.529
17,,,,17,11,11.630
18,17,11,13.546
18,,,,17,11,13.621
19,17,11,15.527
19,,,,17,11,15.628
20,17,11,17.537
20,,,,17,11,17.636
21,17,11,19.528
21,,,,17,11,19.628
22,17,11,21.528
22,,,,17,11,21.628
23,17,11,23.541
23,,,,17,11,23.641
24,17,11,25.537
24,,,,17,11,25.639
25,17,11,27.543
25,,,,17,11,27.644
26,17,11,29.523
26,,,,17,11,29.624
27,17,11,31.535
27,,,,17,11,31.637
28,17,11,33.541
28,,,,17,11,33.643
29,17,11,35.518
29,,,,17,11,35.624
30,17,11,37.531
30,,,,17,11,37.632
31,17,11,39.516
31,,,,17,11,39.624
32,17,11,41.532
32,,,,17,11,41.634
33,17,11,43.538
33,,,,17,11,43.639
34,17,11,45.541
34,,,,17,11,45.640
35,17,11,47.529
35,,,,17,11,47.632
36,17,11,49.530
36,,,,17,11,49.635
37,17,11,51.537
37,,,,17,11,51.638
38,17,11,53.520
38,,,,17,11,53.619
39,17,11,55.525
39,,,,17,11,55.629
40,17,11,57.534
40,,,,17,11,57.634
41,17,11,59.536
41,,,,17,11,59.636
42,17,12,1.517
42,,,,17,12,1.632
43,17,12,3.535
43,,,,17,12,3.636
44,17,12,5.536
44,,,,17,12,5.635
45,17,12,7.515
45,,,,17,12,7.625
46,17,12,9.532
46,,,,17,12,9.633
47,17,12,11.536
47,,,,17,12,11.635
48,17,12,13.542
48,,,,17,12,13.642
49,17,12,15.515
49,,,,17,12,15.613
50,17,12,17.529
50,,,,17,12,17.630
51,17,12,19.534
51,,,,17,12,19.636
52,17,12,21.521
52,,,,17,12,21.645
53,17,12,23.521
53,,,,17,12,23.624
54,17,12,25.538
54,,,,17,12,25.640
55,17,12,27.542
55,,,,17,12,27.642
56,17,12,29.516
56,,,,17,12,29.621
57,17,12,31.525
57,,,,17,12,31.624
58,17,12,33.526
58,,,,17,12,33.626
59,17,12,35.537
59,,,,17,12,35.640
60,17,12,37.517
60,,,,17,12,37.618
61,17,12,39.525
61,,,,17,12,39.621
62,17,12,41.545
62,,,,17,12,41.648
63,17,12,43.538
63,,,,17,12,43.629
64,17,12,45.535
64,,,,17,12,45.636
65,17,12,47.541
65,,,,17,12,47.641
66,17,12,49.523
66,,,,17,12,49.623
67,17,12,51.531
67,,,,17,12,51.628
68,17,12,53.542
68,,,,17,12,53.640
69,17,12,55.549
69,,,,17,12,55.619
70,17,12,57.532
70,,,,17,12,57.633
71,17,12,59.539
71,,,,17,12,59.640
72,17,13,1.539
72,,,,17,13,1.640
73,17,13,3.518
73,,,,17,13,3.622
74,17,13,5.522
74,,,,17,13,5.622
75,17,13,7.534
75,,,,17,13,7.633
76,17,13,9.542
76,,,,17,13,9.644
77,17,13,11.550
77,,,,17,13,11.613
78,17,13,13.516
78,,,,17,13,13.619
79,17,13,15.524
79,,,,17,13,15.625
80,17,13,17.513
80,,,,17,13,17.617
81,17,13,19.530
81,,,,17,13,19.632
82,17,13,21.545
82,,,,17,13,21.624
83,17,13,23.520
83,,,,17,13,23.620
84,17,13,25.527
84,,,,17,13,25.635
85,17,13,27.539
85,,,,17,13,27.641
86,17,13,29.514
86,,,,17,13,29.615
87,17,13,31.522
87,,,,17,13,31.628
88,17,13,33.541
88,,,,17,13,33.642
89,17,13,35.514
89,,,,17,13,35.620
90,17,13,37.517
90,,,,17,13,37.626
91,17,13,39.534
91,,,,17,13,39.630
92,17,13,41.537
92,,,,17,13,41.614
93,17,13,43.523
93,,,,17,13,43.623
94,17,13,45.556
94,,,,17,13,45.617
95,17,13,47.525
95,,,,17,13,47.636
96,17,13,49.542
96,,,,17,13,49.642
97,17,13,51.539
97,,,,17,13,51.639
98,17,13,53.518
98,,,,17,13,53.618
99,17,13,55.517
99,,,,17,13,55.623
100,17,13,57.543
100,,,,17,13,57.617
101,17,13,59.541
101,,,,17,13,59.614
102,17,14,1.523
102,,,,17,14,1.623
103,17,14,3.535
103,,,,17,14,3.635
104,17,14,5.548
104,,,,17,14,5.615
105,17,14,7.538
105,,,,17,14,7.649
106,17,14,9.528
106,,,,17,14,9.637
107,17,14,11.537
107,,,,17,14,11.637
108,17,14,13.518
108,,,,17,14,13.618
109,17,14,15.530
109,,,,17,14,15.630
110,17,14,17.550
110,,,,17,14,17.616
111,17,14,19.518
111,,,,17,14,19.624
112,17,14,21.535
112,,,,17,14,21.635
113,17,14,23.546
113,,,,17,14,23.645
114,17,14,25.529
114,,,,17,14,25.629
115,17,14,27.514
115,,,,17,14,27.647
116,17,14,29.520
116,,,,17,14,29.623
117,17,14,31.538
117,,,,17,14,31.619
118,17,14,33.530
118,,,,17,14,33.630
119,17,14,35.541
119,,,,17,14,35.613
120,17,14,37.513
120,,,,17,14,37.613
121,17,14,39.537
121,,,,17,14,39.640
122,17,14,41.538
122,,,,17,14,41.637
123,17,14,43.542
123,,,,17,14,43.616
124,17,14,45.515
124,,,,17,14,45.620
125,17,14,47.534
125,,,,17,14,47.637
126,17,14,49.537
126,,,,17,14,49.635
127,17,14,51.541
127,,,,17,14,51.642
128,17,14,53.522
128,,,,17,14,53.622
129,17,14,55.526
129,,,,17,14,55.628
130,17,14,57.538
130,,,,17,14,57.638
131,17,14,59.537
131,,,,17,14,59.636
132,17,15,1.523
132,,,,17,15,1.629
133,17,15,3.531
133,,,,17,15,3.634
134,17,15,5.545
134,,,,17,15,5.617
135,17,15,7.518
135,,,,17,15,7.644
136,17,15,9.518
136,,,,17,15,9.618
137,17,15,11.526
137,,,,17,15,11.630
138,17,15,13.539
138,,,,17,15,13.617
139,17,15,15.521
139,,,,17,15,15.630
140,17,15,17.535
140,,,,17,15,17.647
141,17,15,19.531
141,,,,17,15,19.631
142,17,15,21.537
142,,,,17,15,21.637
143,17,15,23.535
143,,,,17,15,23.648
144,17,15,25.514
144,,,,17,15,25.614
145,17,15,27.535
145,,,,17,15,27.636
146,17,15,29.540
146,,,,17,15,29.647
147,17,15,31.518
147,,,,17,15,31.627
148,17,15,33.534
148,,,,17,15,33.634
149,17,15,35.532
149,,,,17,15,35.640
150,17,15,37.551
150,,,,17,15,37.625
151,17,15,39.522
151,,,,17,15,39.622
152,17,15,41.523
152,,,,17,15,41.630
153,17,15,43.538
153,,,,17,15,43.638
154,17,15,45.543
154,,,,17,15,45.643
155,17,15,47.537
155,,,,17,15,47.637
156,17,15,49.536
156,,,,17,15,49.643
157,17,15,51.545
157,,,,17,15,51.645
158,17,15,53.525
158,,,,17,15,53.625
159,17,15,55.524
159,,,,17,15,55.624
160,17,15,57.532
160,,,,17,15,57.638
161,17,15,59.515
161,,,,17,15,59.622
162,17,16,1.527
162,,,,17,16,1.627
163,17,16,3.542
163,,,,17,16,3.642
164,17,16,5.524
164,,,,17,16,5.641
165,17,16,7.515
165,,,,17,16,7.615
166,17,16,9.519
166,,,,17,16,9.620
167,17,16,11.535
167,,,,17,16,11.640
168,17,16,13.522
168,,,,17,16,13.624
169,17,16,15.538
169,,,,17,16,15.640
170,17,16,17.515
170,,,,17,16,17.616
171,17,16,19.533
171,,,,17,16,19.639
172,17,16,21.543
172,,,,17,16,21.616
173,17,16,23.517
173,,,,17,16,23.622
174,17,16,25.521
174,,,,17,16,25.621
175,17,16,27.525
175,,,,17,16,27.632
176,17,16,29.533
176,,,,17,16,29.632
177,17,16,31.538
177,,,,17,16,31.637
178,17,16,33.541
178,,,,17,16,33.614
179,17,16,35.515
179,,,,17,16,35.615
180,17,16,37.518
180,,,,17,16,37.618
181,17,16,39.519
181,,,,17,16,39.627
182,17,16,41.530
182,,,,17,16,41.631
183,17,16,43.534
183,,,,17,16,43.636
184,17,16,45.539
184,,,,17,16,45.622
185,17,16,47.522
185,,,,17,16,47.627
186,17,16,49.534
186,,,,17,16,49.641
187,17,16,51.539
187,,,,17,16,51.645
188,17,16,53.522
188,,,,17,16,53.633
189,17,16,55.541
189,,,,17,16,55.642
190,17,16,57.527
190,,,,17,16,57.628
191,17,16,59.517
191,,,,17,16,59.622
192,17,17,1.525
192,,,,17,17,1.626
193,17,17,3.537
193,,,,17,17,3.640
194,17,17,5.541
194,,,,17,17,5.641
195,17,17,7.526
195,,,,17,17,7.622
196,17,17,9.527
196,,,,17,17,9.626
197,17,17,11.525
197,,,,17,17,11.626
198,17,17,13.521
198,,,,17,17,13.631
199,17,17,15.539
199,,,,17,17,15.616
200,17,17,17.538
200,,,,17,17,17.646
201,17,17,19.527
201,,,,17,17,19.625
202,17,17,21.519
202,,,,17,17,21.621
203,17,17,23.524
203,,,,17,17,23.625
204,17,17,25.528
204,,,,17,17,25.628
205,17,17,27.518
205,,,,17,17,27.619
206,17,17,29.522
206,,,,17,17,29.622
207,17,17,31.516
207,,,,17,17,31.615
208,17,17,33.522
208,,,,17,17,33.624
209,17,17,35.527
209,,,,17,17,35.631
210,17,17,37.535
210,,,,17,17,37.636
211,17,17,39.515
211,,,,17,17,39.620
212,17,17,41.535
212,,,,17,17,41.641
213,17,17,43.522
213,,,,17,17,43.625
214,17,17,45.548
214,,,,17,17,45.632
215,17,17,47.520
215,,,,17,17,47.615
216,17,17,49.516
216,,,,17,17,49.617
217,17,17,51.519
217,,,,17,17,51.621
218,17,17,53.533
218,,,,17,17,53.633
219,17,17,55.520
219,,,,17,17,55.620
220,17,17,57.527
220,,,,17,17,57.627
221,17,17,59.530
221,,,,17,17,59.630
222,17,18,1.537
222,,,,17,18,1.642
223,17,18,3.523
223,,,,17,18,3.622
224,17,18,5.530
224,,,,17,18,5.629
225,17,18,7.540
225,,,,17,18,7.641
226,17,18,9.541
226,,,,17,18,9.614
227,17,18,11.524
227,,,,17,18,11.625
228,17,18,13.526
228,,,,17,18,13.633
229,17,18,15.543
229,,,,17,18,15.643
230,17,18,17.524
230,,,,17,18,17.623
231,17,18,19.526
231,,,,17,18,19.638
232,17,18,21.536
232,,,,17,18,21.637
233,17,18,23.552
233,,,,17,18,23.643
234,17,18,25.516
234,,,,17,18,25.618
235,17,18,27.521
235,,,,17,18,27.628
236,17,18,29.536
236,,,,17,18,29.642
237,17,18,31.518
237,,,,17,18,31.622
238,17,18,33.531
238,,,,17,18,33.634
239,17,18,35.536
239,,,,17,18,35.638
240,17,18,37.516
240,,,,17,18,37.617
241,17,18,39.528
241,,,,17,18,39.632
242,17,18,41.533
242,,,,17,18,41.633
243,17,18,43.539
243,,,,17,18,43.644
244,17,18,45.518
244,,,,17,18,45.620
245,17,18,47.531
245,,,,17,18,47.631
246,17,18,49.536
246,,,,17,18,49.636
247,17,18,51.544
247,,,,17,18,51.644
248,17,18,53.545
248,,,,17,18,53.644
249,17,18,55.521
249,,,,17,18,55.622
250,17,18,57.527
250,,,,17,18,57.626
251,17,18,59.527
251,,,,17,18,59.628
252,17,19,1.543
252,,,,17,19,1.644
253,17,19,3.517
253,,,,17,19,3.617
254,17,19,5.519
254,,,,17,19,5.621
255,17,19,7.522
255,,,,17,19,7.626
256,17,19,9.523
256,,,,17,19,9.625
257,17,19,11.524
257,,,,17,19,11.625
258,17,19,13.529
258,,,,17,19,13.629
259,17,19,15.531
259,,,,17,19,15.630
260,17,19,17.543
260,,,,17,19,17.616
261,17,19,19.523
261,,,,17,19,19.623
262,17,19,21.546
262,,,,17,19,21.621
263,17,19,23.523
263,,,,17,19,23.622
264,17,19,25.525
264,,,,17,19,25.625
265,17,19,27.535
265,,,,17,19,27.628
266,17,19,29.530
266,,,,17,19,29.630
267,17,19,31.541
267,,,,17,19,31.641
268,17,19,33.518
268,,,,17,19,33.617
269,17,19,35.523
269,,,,17,19,35.623
270,17,19,37.515
270,,,,17,19,37.618
271,17,19,39.537
271,,,,17,19,39.638
272,17,19,41.517
272,,,,17,19,41.617
273,17,19,43.534
273,,,,17,19,43.635
274,17,19,45.538
274,,,,17,19,45.616
275,17,19,47.517
275,,,,17,19,47.621
276,17,19,49.513
276,,,,17,19,49.618
277,17,19,51.530
277,,,,17,19,51.640
278,17,19,53.515
278,,,,17,19,53.617
279,17,19,55.523
279,,,,17,19,55.625
280,17,19,57.532
280,,,,17,19,57.632
281,17,19,59.541
281,,,,17,19,59.618
282,17,20,1.529
282,,,,17,20,1.630
283,17,20,3.534
283,,,,17,20,3.646
284,17,20,5.516
284,,,,17,20,5.625
285,17,20,7.529
285,,,,17,20,7.629
286,17,20,9.542
286,,,,17,20,9.626
287,17,20,11.528
287,,,,17,20,11.628
288,17,20,13.529
288,,,,17,20,13.629
289,17,20,15.531
289,,,,17,20,15.631
290,17,20,17.533
290,,,,17,20,17.636
291,17,20,19.538
291,,,,17,20,19.646
292,17,20,21.532
292,,,,17,20,21.636
293,17,20,23.525
293,,,,17,20,23.625
294,17,20,25.530
294,,,,17,20,25.628
295,17,20,27.532
295,,,,17,20,27.633
296,17,20,29.522
296,,,,17,20,29.620
297,17,20,31.527
297,,,,17,20,31.628
298,17,20,33.543
298,,,,17,20,33.642
299,17,20,35.543
299,,,,17,20,35.619
300,17,20,37.524
300,,,,17,20,37.624
301,17,20,39.534
301,,,,17,20,39.637
302,17,20,41.536
302,,,,17,20,41.635
303,17,20,43.539
303,,,,17,20,43.643
304,17,20,45.518
304,,,,17,20,45.622
305,17,20,47.526
305,,,,17,20,47.628
306,17,20,49.539
306,,,,17,20,49.615
307,17,20,51.519
307,,,,17,20,51.619
308,17,20,53.521
308,,,,17,20,53.622
309,17,20,55.530
309,,,,17,20,55.620
310,17,20,57.521
310,,,,17,20,57.621
311,17,20,59.533
311,,,,17,20,59.633
312,17,21,1.520
312,,,,17,21,1.620
313,17,21,3.520
313,,,,17,21,3.620
314,17,21,5.532
314,,,,17,21,5.632
315,17,21,7.541
315,,,,17,21,7.643
316,17,21,9.513
316,,,,17,21,9.614
317,17,21,11.513
317,,,,17,21,11.646
318,17,21,13.516
318,,,,17,21,13.616
319,17,21,15.528
319,,,,17,21,15.629
320,17,21,17.531
320,,,,17,21,17.638
321,17,21,19.540
321,,,,17,21,19.615
322,17,21,21.514
322,,,,17,21,21.614
323,17,21,23.518
323,,,,17,21,23.619
324,17,21,25.522
324,,,,17,21,25.622
325,17,21,27.536
325,,,,17,21,27.640
326,17,21,29.527
326,,,,17,21,29.626
327,17,21,31.519
327,,,,17,21,31.623
328,17,21,33.546
328,,,,17,21,33.620
329,17,21,35.528
329,,,,17,21,35.634
330,17,21,37.542
330,,,,17,21,37.653
331,17,21,39.529
331,,,,17,21,39.626
332,17,21,41.537
332,,,,17,21,41.641
333,17,21,43.545
333,,,,17,21,43.629
334,17,21,45.537
334,,,,17,21,45.641
335,17,21,47.525
335,,,,17,21,47.626
336,17,21,49.535
336,,,,17,21,49.636
337,17,21,51.549
337,,,,17,21,51.615
338,17,21,53.521
338,,,,17,21,53.623
339,17,21,55.520
339,,,,17,21,55.626
340,17,21,57.526
340,,,,17,21,57.625
341,17,21,59.533
341,,,,17,21,59.629
342,17,22,1.540
342,,,,17,22,1.614
343,17,22,3.517
343,,,,17,22,3.618
344,17,22,5.534
344,,,,17,22,5.632
345,17,22,7.533
345,,,,17,22,7.635
346,17,22,9.530
346,,,,17,22,9.630
347,17,22,11.534
347,,,,17,22,11.634
348,17,22,13.525
348,,,,17,22,13.626
349,17,22,15.531
349,,,,17,22,15.631
350,17,22,17.533
350,,,,17,22,17.634
351,17,22,19.542
351,,,,17,22,19.616
352,17,22,21.520
352,,,,17,22,21.624
353,17,22,23.528
353,,,,17,22,23.627
354,17,22,25.544
354,,,,17,22,25.624
355,17,22,27.523
355,,,,17,22,27.624
356,17,22,29.540
356,,,,17,22,29.640
357,17,22,31.538
357,,,,17,22,31.613
358,17,22,33.524
358,,,,17,22,33.625
359,17,22,35.514
359,,,,17,22,35.614
360,17,22,37.527
360,,,,17,22,37.628
361,17,22,39.540
361,,,,17,22,39.616
362,17,22,41.522
362,,,,17,22,41.621
363,17,22,43.522
363,,,,17,22,43.623
364,17,22,45.523
364,,,,17,22,45.624
365,17,22,47.523
365,,,,17,22,47.623
366,17,22,49.527
366,,,,17,22,49.628
367,17,22,51.540
367,,,,17,22,51.636
368,17,22,53.538
368,,,,17,22,53.638
369,17,22,55.541
369,,,,17,22,55.615
370,17,22,57.521
370,,,,17,22,57.621
371,17,22,59.527
371,,,,17,22,59.625
372,17,23,1.536
372,,,,17,23,1.636
373,17,23,3.538
373,,,,17,23,3.637
374,17,23,5.519
374,,,,17,23,5.619
375,17,23,7.527
375,,,,17,23,7.632
376,17,23,9.534
376,,,,17,23,9.634
377,17,23,11.514
377,,,,17,23,11.615
378,17,23,13.533
378,,,,17,23,13.636
379,17,23,15.533
379,,,,17,23,15.633
380,17,23,17.539
380,,,,17,23,17.648
381,17,23,19.516
381,,,,17,23,19.616
382,17,23,21.519
382,,,,17,23,21.618
383,17,23,23.529
383,,,,17,23,23.630
384,17,23,25.529
384,,,,17,23,25.629
385,17,23,27.538
385,,,,17,23,27.639
386,17,23,29.547
386,,,,17,23,29.646
387,17,23,31.517
387,,,,17,23,31.618
388,17,23,33.531
388,,,,17,23,33.632
389,17,23,35.539
389,,,,17,23,35.644
390,17,23,37.513
390,,,,17,23,37.613
391,17,23,39.514
391,,,,17,23,39.615
392,17,23,41.514
392,,,,17,23,41.614
393,17,23,43.520
393,,,,17,23,43.621
394,17,23,45.528
394,,,,17,23,45.628
395,17,23,47.539
395,,,,17,23,47.636
396,17,23,49.518
396,,,,17,23,49.618
397,17,23,51.524
397,,,,17,23,51.624
398,17,23,53.529
398,,,,17,23,53.627
399,17,23,55.537
399,,,,17,23,55.647
400,17,23,57.539
400,,,,17,23,57.637
401,17,23,59.518
401,,,,17,23,59.615
402,17,24,1.527
402,,,,17,24,1.627
403,17,24,3.536
403,,,,17,24,3.637
404,17,24,5.536
404,,,,17,24,5.632
405,17,24,7.537
405,,,,17,24,7.639
406,17,24,9.525
406,,,,17,24,9.621
407,17,24,11.523
407,,,,17,24,11.628
408,17,24,13.535
408,,,,17,24,13.634
409,17,24,15.516
409,,,,17,24,15.619
410,17,24,17.517
410,,,,17,24,17.617
411,17,24,19.520
411,,,,17,24,19.621
412,17,24,21.525
412,,,,17,24,21.622
413,17,24,23.521
413,,,,17,24,23.621
414,17,24,25.530
414,,,,17,24,25.629
415,17,24,27.516
415,,,,17,24,27.615
416,17,24,29.516
416,,,,17,24,29.617
417,17,24,31.528
417,,,,17,24,31.628
418,17,24,33.534
418,,,,17,24,33.635
419,17,24,35.545
419,,,,17,24,35.617
420,17,24,37.518
420,,,,17,24,37.618
421,17,24,39.534
421,,,,17,24,39.633
422,17,24,41.518
422,,,,17,24,41.621
423,17,24,43.522
423,,,,17,24,43.623
424,17,24,45.524
424,,,,17,24,45.627
425,17,24,47.532
425,,,,17,24,47.631
426,17,24,49.545
426,,,,17,24,49.644
427,17,24,51.519
427,,,,17,24,51.619
428,17,24,53.547
428,,,,17,24,53.615
429,17,24,55.517
429,,,,17,24,55.619
430,17,24,57.527
430,,,,17,24,57.630
431,17,24,59.548
431,,,,17,24,59.614
432,17,25,1.520
432,,,,17,25,1.622
433,17,25,3.534
433,,,,17,25,3.636
434,17,25,5.543
434,,,,17,25,5.643
435,17,25,7.520
435,,,,17,25,7.620
436,17,25,9.529
436,,,,17,25,9.628
437,17,25,11.523
437,,,,17,25,11.624
438,17,25,13.531
438,,,,17,25,13.631
439,17,25,15.537
439,,,,17,25,15.637
440,17,25,17.538
440,,,,17,25,17.640
441,17,25,19.517
441,,,,17,25,19.617
442,17,25,21.522
442,,,,17,25,21.624
443,17,25,23.544
443,,,,17,25,23.616
444,17,25,25.520
444,,,,17,25,25.621
445,17,25,27.531
445,,,,17,25,27.627
446,17,25,29.524
446,,,,17,25,29.622
447,17,25,31.537
447,,,,17,25,31.638
448,17,25,33.517
448,,,,17,25,33.617
449,17,25,35.533
449,,,,17,25,35.634
450,17,25,37.514
450,,,,17,25,37.616
451,17,25,39.514
451,,,,17,25,39.615
452,17,25,41.517
452,,,,17,25,41.620
453,17,25,43.527
453,,,,17,25,43.628
454,17,25,45.534
454,,,,17,25,45.646
455,17,25,47.517
455,,,,17,25,47.618
456,17,25,49.521
456,,,,17,25,49.618
457,17,25,51.529
457,,,,17,25,51.630
458,17,25,53.543
458,,,,17,25,53.616
459,17,25,55.522
459,,,,17,25,55.623
460,17,25,57.529
460,,,,17,25,57.628
461,17,25,59.538
461,,,,17,25,59.613
462,17,26,1.515
462,,,,17,26,1.614
463,17,26,3.521
463,,,,17,26,3.620
464,17,26,5.524
464,,,,17,26,5.624
465,17,26,7.533
465,,,,17,26,7.636
466,17,26,9.542
466,,,,17,26,9.643
467,17,26,11.519
467,,,,17,26,11.622
468,17,26,13.541
468,,,,17,26,13.622
469,17,26,15.521
469,,,,17,26,15.622
470,17,26,17.521
470,,,,17,26,17.623
471,17,26,19.520
471,,,,17,26,19.619
472,17,26,21.523
472,,,,17,26,21.624
473,17,26,23.520
473,,,,17,26,23.623
474,17,26,25.523
474,,,,17,26,25.624
475,17,26,27.536
475,,,,17,26,27.640
476,17,26,29.541
476,,,,17,26,29.641
477,17,26,31.532
477,,,,17,26,31.640
478,17,26,33.515
478,,,,17,26,33.617
479,17,26,35.522
479,,,,17,26,35.624
480,17,26,37.530
480,,,,17,26,37.631
481,17,26,39.536
481,,,,17,26,39.615
482,17,26,41.519
482,,,,17,26,41.618
483,17,26,43.529
483,,,,17,26,43.628
484,17,26,45.533
484,,,,17,26,45.632
485,17,26,47.544
485,,,,17,26,47.616
486,17,26,49.528
486,,,,17,26,49.632
487,17,26,51.513
487,,,,17,26,51.647
488,17,26,53.518
488,,,,17,26,53.618
489,17,26,55.530
489,,,,17,26,55.629
490,17,26,57.533
490,,,,17,26,57.634
491,17,26,59.543
491,,,,17,26,59.645
492,17,27,1.544
492,,,,17,27,1.645
493,17,27,3.532
493,,,,17,27,3.636
494,17,27,5.550
494,,,,17,27,5.631
495,17,27,7.532
495,,,,17,27,7.634
496,17,27,9.519
496,,,,17,27,9.641
497,17,27,11.515
497,,,,17,27,11.617
498,17,27,13.535
498,,,,17,27,13.638
499,17,27,15.541
499,,,,17,27,15.640
500,17,27,17.534
500,,,,17,27,17.620
501,17,27,19.521
501,,,,17,27,19.622
502,17,27,21.523
502,,,,17,27,21.624
503,17,27,23.532
503,,,,17,27,23.642
504,17,27,25.519
504,,,,17,27,25.623
505,17,27,27.519
505,,,,17,27,27.621
506,17,27,29.525
506,,,,17,27,29.625
507,17,27,31.536
507,,,,17,27,31.639
508,17,27,33.548
508,,,,17,27,33.619
509,17,27,35.528
509,,,,17,27,35.632
510,17,27,37.533
510,,,,17,27,37.633
511,17,27,39.516
511,,,,17,27,39.615
512,17,27,41.522
512,,,,17,27,41.623
513,17,27,43.516
513,,,,17,27,43.618
514,17,27,45.519
514,,,,17,27,45.622
515,17,27,47.539
515,,,,17,27,47.639
516,17,27,49.515
516,,,,17,27,49.614
517,17,27,51.521
517,,,,17,27,51.627
518,17,27,53.540
518,,,,17,27,53.615
519,17,27,55.534
519,,,,17,27,55.616
520,17,27,57.527
520,,,,17,27,57.629
521,17,27,59.517
521,,,,17,27,59.618
522,17,28,1.534
522,,,,17,28,1.640
523,17,28,3.516
523,,,,17,28,3.614
524,17,28,5.517
524,,,,17,28,5.617
525,17,28,7.517
525,,,,17,28,7.621
526,17,28,9.544
526,,,,17,28,9.644
527,17,28,11.517
527,,,,17,28,11.617
528,17,28,13.521
528,,,,17,28,13.622
529,17,28,15.530
529,,,,17,28,15.628
530,17,28,17.537
530,,,,17,28,17.639
531,17,28,19.544
531,,,,17,28,19.644
532,17,28,21.557
532,,,,17,28,21.625
533,17,28,23.542
533,,,,17,28,23.641
534,17,28,25.526
534,,,,17,28,25.631
535,17,28,27.539
535,,,,17,28,27.639
536,17,28,29.516
536,,,,17,28,29.619
537,17,28,31.523
537,,,,17,28,31.624
538,17,28,33.547
538,,,,17,28,33.621
539,17,28,35.526
539,,,,17,28,35.625
540,17,28,37.531
540,,,,17,28,37.633
541,17,28,39.536
541,,,,17,28,39.637
542,17,28,41.538
542,,,,17,28,41.637
543,17,28,43.540
543,,,,17,28,43.641
544,17,28,45.515
544,,,,17,28,45.616
545,17,28,47.516
545,,,,17,28,47.619
546,17,28,49.522
546,,,,17,28,49.623
547,17,28,51.539
547,,,,17,28,51.616
548,17,28,53.514
548,,,,17,28,53.614
549,17,28,55.521
549,,,,17,28,55.620
550,17,28,57.520
550,,,,17,28,57.621
551,17,28,59.536
551,,,,17,28,59.635
552,17,29,1.529
552,,,,17,29,1.629
553,17,29,3.536
553,,,,17,29,3.643
554,17,29,5.520
554,,,,17,29,5.625
555,17,29,7.527
555,,,,17,29,7.628
556,17,29,9.532
556,,,,17,29,9.633
557,17,29,11.516
557,,,,17,29,11.615
558,17,29,13.523
558,,,,17,29,13.626
559,17,29,15.523
559,,,,17,29,15.622
560,17,29,17.521
560,,,,17,29,17.621
561,17,29,19.530
561,,,,17,29,19.630
562,17,29,21.539
562,,,,17,29,21.614
563,17,29,23.520
563,,,,17,29,23.621
564,17,29,25.537
564,,,,17,29,25.638
565,17,29,27.542
565,,,,17,29,27.644
566,17,29,29.514
566,,,,17,29,29.648
567,17,29,31.539
567,,,,17,29,31.638
568,17,29,33.543
568,,,,17,29,33.615
569,17,29,35.524
569,,,,17,29,35.627
570,17,29,37.515
570,,,,17,29,37.619
571,17,29,39.523
571,,,,17,29,39.624
572,17,29,41.535
572,,,,17,29,41.642
573,17,29,43.542
573,,,,17,29,43.642
574,17,29,45.519
574,,,,17,29,45.620
575,17,29,47.524
575,,,,17,29,47.624
576,17,29,49.521
576,,,,17,29,49.621
577,17,29,51.538
577,,,,17,29,51.639
578,17,29,53.548
578,,,,17,29,53.614
579,17,29,55.521
579,,,,17,29,55.617
580,17,29,57.529
580,,,,17,29,57.637
581,17,29,59.535
581,,,,17,29,59.638
582,17,30,1.517
582,,,,17,30,1.618
583,17,30,3.533
583,,,,17,30,3.638
584,17,30,5.516
584,,,,17,30,5.620
585,17,30,7.522
585,,,,17,30,7.622
586,17,30,9.521
586,,,,17,30,9.622
587,17,30,11.532
587,,,,17,30,11.633
588,17,30,13.538
588,,,,17,30,13.642
589,17,30,15.524
589,,,,17,30,15.628
590,17,30,17.538
590,,,,17,30,17.635
591,17,30,19.528
591,,,,17,30,19.634
592,17,30,21.534
592,,,,17,30,21.636
593,17,30,23.542
593,,,,17,30,23.645
594,17,30,25.516
594,,,,17,30,25.616
595,17,30,27.522
595,,,,17,30,27.622
596,17,30,29.513
596,,,,17,30,29.645
597,17,30,31.522
597,,,,17,30,31.622
598,17,30,33.528
598,,,,17,30,33.628
599,17,30,35.530
599,,,,17,30,35.629
600,17,30,37.531
600,,,,17,30,37.635
601,17,30,39.543
601,,,,17,30,39.645
602,17,30,41.525
602,,,,17,30,41.625
603,17,30,43.544
603,,,,17,30,43.633
604,17,30,45.540
604,,,,17,30,45.640
605,17,30,47.523
605,,,,17,30,47.624
606,17,30,49.536
606,,,,17,30,49.639
607,17,30,51.543
607,,,,17,30,51.644
608,17,30,53.519
608,,,,17,30,53.620
609,17,30,55.524
609,,,,17,30,55.626
610,17,30,57.526
610,,,,17,30,57.628
611,17,30,59.535
611,,,,17,30,59.635
612,17,31,1.514
612,,,,17,31,1.620
613,17,31,3.524
613,,,,17,31,3.624
614,17,31,5.521
614,,,,17,31,5.622
615,17,31,7.533
615,,,,17,31,7.634
616,17,31,9.516
616,,,,17,31,9.616
617,17,31,11.533
617,,,,17,31,11.635
618,17,31,13.538
618,,,,17,31,13.641
619,17,31,15.520
619,,,,17,31,15.621
620,17,31,17.515
620,,,,17,31,17.614
621,17,31,19.530
621,,,,17,31,19.629
622,17,31,21.530
622,,,,17,31,21.631
623,17,31,23.532
623,,,,17,31,23.630
624,17,31,25.533
624,,,,17,31,25.641
625,17,31,27.518
625,,,,17,31,27.620
626,17,31,29.518
626,,,,17,31,29.618
627,17,31,31.533
627,,,,17,31,31.631
628,17,31,33.538
628,,,,17,31,33.637
629,17,31,35.540
629,,,,17,31,35.614
630,17,31,37.520
630,,,,17,31,37.621
631,17,31,39.532
631,,,,17,31,39.638
632,17,31,41.514
632,,,,17,31,41.614
633,17,31,43.515
633,,,,17,31,43.614
634,17,31,45.547
634,,,,17,31,45.624
635,17,31,47.526
635,,,,17,31,47.629
636,17,31,49.530
636,,,,17,31,49.632
637,17,31,51.537
637,,,,17,31,51.636
638,17,31,53.517
638,,,,17,31,53.618
639,17,31,55.524
639,,,,17,31,55.624
640,17,31,57.542
640,,,,17,31,57.645
641,17,31,59.543
641,,,,17,31,59.643
642,17,32,1.525
642,,,,17,32,1.627
643,17,32,3.542
643,,,,17,32,3.642
644,17,32,5.521
644,,,,17,32,5.621
645,17,32,7.534
645,,,,17,32,7.621
646,17,32,9.542
646,,,,17,32,9.618
647,17,32,11.536
647,,,,17,32,11.637
648,17,32,13.516
648,,,,17,32,13.646
649,17,32,15.517
649,,,,17,32,15.617
650,17,32,17.522
650,,,,17,32,17.622
651,17,32,19.533
651,,,,17,32,19.632
652,17,32,21.538
652,,,,17,32,21.646
653,17,32,23.513
653,,,,17,32,23.646
654,17,32,25.515
654,,,,17,32,25.615
655,17,32,27.531
655,,,,17,32,27.647
656,17,32,29.522
656,,,,17,32,29.626
657,17,32,31.530
657,,,,17,32,31.630
658,17,32,33.544
658,,,,17,32,33.643
659,17,32,35.518
659,,,,17,32,35.622
660,17,32,37.534
660,,,,17,32,37.635
661,17,32,39.517
661,,,,17,32,39.616
662,17,32,41.525
662,,,,17,32,41.627
663,17,32,43.544
663,,,,17,32,43.619
664,17,32,45.522
664,,,,17,32,45.625
665,17,32,47.528
665,,,,17,32,47.632
666,17,32,49.537
666,,,,17,32,49.639
667,17,32,51.521
667,,,,17,32,51.616
668,17,32,53.526
668,,,,17,32,53.628
669,17,32,55.533
669,,,,17,32,55.631
670,17,32,57.540
670,,,,17,32,57.641
671,17,32,59.520
671,,,,17,32,59.621
672,17,33,1.533
672,,,,17,33,1.636
673,17,33,3.542
673,,,,17,33,3.619
674,17,33,5.520
674,,,,17,33,5.621
675,17,33,7.538
675,,,,17,33,7.638
676,17,33,9.543
676,,,,17,33,9.620
677,17,33,11.530
677,,,,17,33,11.626
678,17,33,13.536
678,,,,17,33,13.636
679,17,33,15.536
679,,,,17,33,15.638
680,17,33,17.518
680,,,,17,33,17.619
681,17,33,19.519
681,,,,17,33,19.623
682,17,33,21.523
682,,,,17,33,21.623
683,17,33,23.533
683,,,,17,33,23.633
684,17,33,25.522
684,,,,17,33,25.626
685,17,33,27.535
685,,,,17,33,27.646
686,17,33,29.528
686,,,,17,33,29.631
687,17,33,31.536
687,,,,17,33,31.638
688,17,33,33.516
688,,,,17,33,33.617
689,17,33,35.533
689,,,,17,33,35.632
690,17,33,37.536
690,,,,17,33,37.636
691,17,33,39.544
691,,,,17,33,39.648
692,17,33,41.517
692,,,,17,33,41.615
693,17,33,43.516
693,,,,17,33,43.623
694,17,33,45.523
694,,,,17,33,45.623
695,17,33,47.534
695,,,,17,33,47.641
696,17,33,49.518
696,,,,17,33,49.624
697,17,33,51.542
697,,,,17,33,51.642
698,17,33,53.522
698,,,,17,33,53.625
699,17,33,55.530
699,,,,17,33,55.643
700,17,33,57.547
700,,,,17,33,57.614
701,17,33,59.530
701,,,,17,33,59.630
702,17,34,1.532
702,,,,17,34,1.632
703,17,34,3.547
703,,,,17,34,3.614
704,17,34,5.526
704,,,,17,34,5.626
705,17,34,7.545
705,,,,17,34,7.615
706,17,34,9.531
706,,,,17,34,9.629
707,17,34,11.518
707,,,,17,34,11.621
708,17,34,13.522
708,,,,17,34,13.622
709,17,34,15.541
709,,,,17,34,15.641
710,17,34,17.520
710,,,,17,34,17.619
711,17,34,19.520
711,,,,17,34,19.618
712,17,34,21.521
712,,,,17,34,21.621
713,17,34,23.537
713,,,,17,34,23.638
714,17,34,25.538
714,,,,17,34,25.638
715,17,34,27.525
715,,,,17,34,27.620
716,17,34,29.523
716,,,,17,34,29.627
717,17,34,31.534
717,,,,17,34,31.645
718,17,34,33.544
718,,,,17,34,33.615
719,17,34,35.528
719,,,,17,34,35.626
720,17,34,37.533
720,,,,17,34,37.633
721,17,34,39.531
721,,,,17,34,39.630
722,17,34,41.533
722,,,,17,34,41.637
723,17,34,43.546
723,,,,17,34,43.614
724,17,34,45.518
724,,,,17,34,45.619
725,17,34,47.518
725,,,,17,34,47.619
726,17,34,49.527
726,,,,17,34,49.630
727,17,34,51.534
727,,,,17,34,51.634
728,17,34,53.544
728,,,,17,34,53.646
729,17,34,55.523
729,,,,17,34,55.617
730,17,34,57.522
730,,,,17,34,57.623
731,17,34,59.523
731,,,,17,34,59.622
732,17,35,1.531
732,,,,17,35,1.631
733,17,35,3.539
733,,,,17,35,3.638
734,17,35,5.539
734,,,,17,35,5.615
735,17,35,7.528
735,,,,17,35,7.628
736,17,35,9.518
736,,,,17,35,9.617
737,17,35,11.528
737,,,,17,35,11.641
738,17,35,13.533
738,,,,17,35,13.639
739,17,35,15.541
739,,,,17,35,15.641
740,17,35,17.544
740,,,,17,35,17.613
741,17,35,19.521
741,,,,17,35,19.622
742,17,35,21.528
742,,,,17,35,21.628
743,17,35,23.521
743,,,,17,35,23.622
744,17,35,25.527
744,,,,17,35,25.626
745,17,35,27.537
745,,,,17,35,27.642
746,17,35,29.516
746,,,,17,35,29.617
747,17,35,31.521
747,,,,17,35,31.621
748,17,35,33.523
748,,,,17,35,33.624
749,17,35,35.534
749,,,,17,35,35.634
750,17,35,37.537
750,,,,17,35,37.638
751,17,35,39.522
751,,,,17,35,39.622
752,17,35,41.540
752,,,,17,35,41.614
753,17,35,43.534
753,,,,17,35,43.633
754,17,35,45.542
754,,,,17,35,45.640
755,17,35,47.517
755,,,,17,35,47.621
756,17,35,49.520
756,,,,17,35,49.620
757,17,35,51.533
757,,,,17,35,51.634
758,17,35,53.536
758,,,,17,35,53.636
759,17,35,55.516
759,,,,17,35,55.617
760,17,35,57.529
760,,,,17,35,57.630
761,17,35,59.533
761,,,,17,35,59.636
762,17,36,1.539
762,,,,17,36,1.643
763,17,36,3.518
763,,,,17,36,3.618
764,17,36,5.523
764,,,,17,36,5.623
765,17,36,7.525
765,,,,17,36,7.625
766,17,36,9.532
766,,,,17,36,9.631
767,17,36,11.540
767,,,,17,36,11.639
768,17,36,13.541
768,,,,17,36,13.644
769,17,36,15.516
769,,,,17,36,15.621
770,17,36,17.529
770,,,,17,36,17.627
771,17,36,19.544
771,,,,17,36,19.627
772,17,36,21.541
772,,,,17,36,21.638
773,17,36,23.545
773,,,,17,36,23.645
774,17,36,25.525
774,,,,17,36,25.624
775,17,36,27.527
775,,,,17,36,27.639
776,17,36,29.527
776,,,,17,36,29.627
777,17,36,31.527
777,,,,17,36,31.630
778,17,36,33.524
778,,,,17,36,33.626
779,17,36,35.535
779,,,,17,36,35.638
780,17,36,37.546
780,,,,17,36,37.643
781,17,36,39.522
781,,,,17,36,39.623
782,17,36,41.535
782,,,,17,36,41.635
783,17,36,43.540
783,,,,17,36,43.640
784,17,36,45.516
784,,,,17,36,45.616
785,17,36,47.519
785,,,,17,36,47.619
786,17,36,49.519
786,,,,17,36,49.621
787,17,36,51.521
787,,,,17,36,51.621
788,17,36,53.535
788,,,,17,36,53.639
789,17,36,55.520
789,,,,17,36,55.621
790,17,36,57.532
790,,,,17,36,57.632
791,17,36,59.515
791,,,,17,36,59.649
792,17,37,1.517
792,,,,17,37,1.617
793,17,37,3.537
793,,,,17,37,3.614
794,17,37,5.529
794,,,,17,37,5.630
795,17,37,7.538
795,,,,17,37,7.619
796,17,37,9.528
796,,,,17,37,9.629
797,17,37,11.533
797,,,,17,37,11.639
798,17,37,13.545
798,,,,17,37,13.617
799,17,37,15.523
799,,,,17,37,15.622
800,17,37,17.531
800,,,,17,37,17.638
801,17,37,19.514
801,,,,17,37,19.615
802,17,37,21.528
802,,,,17,37,21.628
803,17,37,23.531
803,,,,17,37,23.630
804,17,37,25.541
804,,,,17,37,25.628
805,17,37,27.528
805,,,,17,37,27.630
806,17,37,29.524
806,,,,17,37,29.624
807,17,37,31.532
807,,,,17,37,31.635
808,17,37,33.536
808,,,,17,37,33.641
809,17,37,35.526
809,,,,17,37,35.627
810,17,37,37.530
810,,,,17,37,37.636
811,17,37,39.542
811,,,,17,37,39.642
812,17,37,41.534
812,,,,17,37,41.635
813,17,37,43.542
813,,,,17,37,43.641
814,17,37,45.520
814,,,,17,37,45.620
815,17,37,47.525
815,,,,17,37,47.633
816,17,37,49.522
816,,,,17,37,49.624
817,17,37,51.532
817,,,,17,37,51.632
818,17,37,53.548
818,,,,17,37,53.647
819,17,37,55.531
819,,,,17,37,55.629
820,17,37,57.534
820,,,,17,37,57.637
821,17,37,59.537
821,,,,17,37,59.634
822,17,38,1.538
822,,,,17,38,1.638
823,17,38,3.547
823,,,,17,38,3.614
824,17,38,5.525
824,,,,17,38,5.623
825,17,38,7.520
825,,,,17,38,7.620
826,17,38,9.529
826,,,,17,38,9.630
827,17,38,11.536
827,,,,17,38,11.635
828,17,38,13.546
828,,,,17,38,13.646
829,17,38,15.524
829,,,,17,38,15.624
830,17,38,17.545
830,,,,17,38,17.644
831,17,38,19.529
831,,,,17,38,19.631
832,17,38,21.530
832,,,,17,38,21.630
833,17,38,23.538
833,,,,17,38,23.641
834,17,38,25.515
834,,,,17,38,25.615
835,17,38,27.529
835,,,,17,38,27.627
836,17,38,29.540
836,,,,17,38,29.639
837,17,38,31.547
837,,,,17,38,31.616
838,17,38,33.523
838,,,,17,38,33.624
839,17,38,35.541
839,,,,17,38,35.640
840,17,38,37.522
840,,,,17,38,37.622
841,17,38,39.528
841,,,,17,38,39.629
842,17,38,41.532
842,,,,17,38,41.641
843,17,38,43.544
843,,,,17,38,43.650
844,17,38,45.517
844,,,,17,38,45.623
845,17,38,47.526
845,,,,17,38,47.626
846,17,38,49.539
846,,,,17,38,49.639
847,17,38,51.551
847,,,,17,38,51.617
848,17,38,53.524
848,,,,17,38,53.628
849,17,38,55.529
849,,,,17,38,55.630
850,17,38,57.533
850,,,,17,38,57.635
851,17,38,59.536
851,,,,17,38,59.636
852,17,39,1.539
852,,,,17,39,1.642
853,17,39,3.518
853,,,,17,39,3.631
854,17,39,5.524
854,,,,17,39,5.625
855,17,39,7.519
855,,,,17,39,7.622
856,17,39,9.526
856,,,,17,39,9.631
857,17,39,11.532
857,,,,17,39,11.628
858,17,39,13.533
858,,,,17,39,13.639
859,17,39,15.517
859,,,,17,39,15.617
860,17,39,17.519
860,,,,17,39,17.619
861,17,39,19.519
861,,,,17,39,19.619
862,17,39,21.529
862,,,,17,39,21.629
863,17,39,23.529
863,,,,17,39,23.630
864,17,39,25.534
864,,,,17,39,25.634
865,17,39,27.514
865,,,,17,39,27.646
866,17,39,29.520
866,,,,17,39,29.628
867,17,39,31.539
867,,,,17,39,31.639
868,17,39,33.545
868,,,,17,39,33.646
869,17,39,35.522
869,,,,17,39,35.622
870,17,39,37.522
870,,,,17,39,37.623
871,17,39,39.534
871,,,,17,39,39.640
872,17,39,41.514
872,,,,17,39,41.614
873,17,39,43.520
873,,,,17,39,43.620
874,17,39,45.526
874,,,,17,39,45.627
875,17,39,47.522
875,,,,17,39,47.624
876,17,39,49.526
876,,,,17,39,49.625
877,17,39,51.526
877,,,,17,39,51.625
878,17,39,53.539
878,,,,17,39,53.639
879,17,39,55.541
879,,,,17,39,55.641
880,17,39,57.535
880,,,,17,39,57.645
881,17,39,59.523
881,,,,17,39,59.623
882,17,40,1.532
882,,,,17,40,1.632
883,17,40,3.515
883,,,,17,40,3.626
884,17,40,5.538
884,,,,17,40,5.641
885,17,40,7.533
885,,,,17,40,7.634
886,17,40,9.538
886,,,,17,40,9.640
887,17,40,11.516
887,,,,17,40,11.619
888,17,40,13.522
888,,,,17,40,13.621
889,17,40,15.530
889,,,,17,40,15.647
890,17,40,17.527
890,,,,17,40,17.625
891,17,40,19.516
891,,,,17,40,19.617
892,17,40,21.527
892,,,,17,40,21.629
893,17,40,23.532
893,,,,17,40,23.635
894,17,40,25.521
894,,,,17,40,25.619
895,17,40,27.519
895,,,,17,40,27.619
896,17,40,29.528
896,,,,17,40,29.626
897,17,40,31.531
897,,,,17,40,31.631
898,17,40,33.534
898,,,,17,40,33.641
899,17,40,35.525
899,,,,17,40,35.628
900,17,40,37.535
900,,,,17,40,37.636
901,17,40,39.538
901,,,,17,40,39.640
902,17,40,41.516
902,,,,17,40,41.615
903,17,40,43.520
903,,,,17,40,43.618
904,17,40,45.522
904,,,,17,40,45.622
905,17,40,47.540
905,,,,17,40,47.646
906,17,40,49.521
906,,,,17,40,49.617
907,17,40,51.540
907,,,,17,40,51.643
908,17,40,53.514
908,,,,17,40,53.619
909,17,40,55.523
909,,,,17,40,55.624
910,17,40,57.523
910,,,,17,40,57.623
911,17,40,59.522
911,,,,17,40,59.620
912,17,41,1.521
912,,,,17,41,1.622
913,17,41,3.523
913,,,,17,41,3.624
914,17,41,5.542
914,,,,17,41,5.645
915,17,41,7.516
915,,,,17,41,7.617
916,17,41,9.522
916,,,,17,41,9.624
917,17,41,11.535
917,,,,17,41,11.616
918,17,41,13.518
918,,,,17,41,13.617
919,17,41,15.534
919,,,,17,41,15.636
920,17,41,17.540
920,,,,17,41,17.644
921,17,41,19.513
921,,,,17,41,19.615
922,17,41,21.518
922,,,,17,41,21.621
923,17,41,23.529
923,,,,17,41,23.631
924,17,41,25.533
924,,,,17,41,25.636
925,17,41,27.521
925,,,,17,41,27.621
926,17,41,29.532
926,,,,17,41,29.633
927,17,41,31.533
927,,,,17,41,31.633
928,17,41,33.531
928,,,,17,41,33.632
929,17,41,35.546
929,,,,17,41,35.646
930,17,41,37.525
930,,,,17,41,37.625
931,17,41,39.536
931,,,,17,41,39.647
932,17,41,41.517
932,,,,17,41,41.617
933,17,41,43.524
933,,,,17,41,43.627
934,17,41,45.533
934,,,,17,41,45.634
935,17,41,47.533
935,,,,17,41,47.633
936,17,41,49.541
936,,,,17,41,49.644
937,17,41,51.515
937,,,,17,41,51.614
938,17,41,53.523
938,,,,17,41,53.623
939,17,41,55.534
939,,,,17,41,55.633
940,17,41,57.537
940,,,,17,41,57.636
941,17,41,59.540
941,,,,17,41,59.641
942,17,42,1.537
942,,,,17,42,1.647
943,17,42,3.522
943,,,,17,42,3.623
944,17,42,5.523
944,,,,17,42,5.627
945,17,42,7.539
945,,,,17,42,7.640
946,17,42,9.526
946,,,,17,42,9.627
947,17,42,11.542
947,,,,17,42,11.638
948,17,42,13.543
948,,,,17,42,13.643
949,17,42,15.518
949,,,,17,42,15.619
950,17,42,17.520
950,,,,17,42,17.621
951,17,42,19.534
951,,,,17,42,19.636
952,17,42,21.535
952,,,,17,42,21.635
953,17,42,23.519
953,,,,17,42,23.620
954,17,42,25.522
954,,,,17,42,25.622
955,17,42,27.537
955,,,,17,42,27.642
956,17,42,29.545
956,,,,17,42,29.647
957,17,42,31.516
957,,,,17,42,31.614
958,17,42,33.531
958,,,,17,42,33.631
959,17,42,35.537
959,,,,17,42,35.639
960,17,42,37.515
960,,,,17,42,37.616
961,17,42,39.526
961,,,,17,42,39.628
962,17,42,41.530
962,,,,17,42,41.630
963,17,42,43.514
963,,,,17,42,43.618
964,17,42,45.525
964,,,,17,42,45.628
965,17,42,47.513
965,,,,17,42,47.614
966,17,42,49.518
966,,,,17,42,49.621
967,17,42,51.525
967,,,,17,42,51.624
968,17,42,53.527
968,,,,17,42,53.629
969,17,42,55.540
969,,,,17,42,55.641
970,17,42,57.544
970,,,,17,42,57.646
971,17,42,59.522
971,,,,17,42,59.625
972,17,43,1.514
972,,,,17,43,1.646
973,17,43,3.521
973,,,,17,43,3.622
974,17,43,5.530
974,,,,17,43,5.630
975,17,43,7.530
975,,,,17,43,7.629
976,17,43,9.540
976,,,,17,43,9.640
977,17,43,11.514
977,,,,17,43,11.621
978,17,43,13.539
978,,,,17,43,13.638
979,17,43,15.520
979,,,,17,43,15.618
980,17,43,17.537
980,,,,17,43,17.639
981,17,43,19.522
981,,,,17,43,19.623
982,17,43,21.531
982,,,,17,43,21.635
983,17,43,23.541
983,,,,17,43,23.642
984,17,43,25.521
984,,,,17,43,25.622
985,17,43,27.538
985,,,,17,43,27.648
986,17,43,29.526
986,,,,17,43,29.624
987,17,43,31.533
987,,,,17,43,31.644
988,17,43,33.524
988,,,,17,43,33.619
989,17,43,35.527
989,,,,17,43,35.625
990,17,43,37.536
990,,,,17,43,37.637
991,17,43,39.520
991,,,,17,43,39.620
992,17,43,41.531
992,,,,17,43,41.632
993,17,43,43.539
993,,,,17,43,43.639
994,17,43,45.514
994,,,,17,43,45.647
995,17,43,47.514
995,,,,17,43,47.647
996,17,43,49.519
996,,,,17,43,49.619
997,17,43,51.538
997,,,,17,43,51.642
998,17,43,53.518
998,,,,17,43,53.619
999,17,43,55.529
999,,,,17,43,55.627
1000,17,43,57.533
1000,,,,17,43,57.639
1001,17,43,59.532
1001,,,,17,43,59.633
1002,17,44,1.542
1002,,,,17,44,1.642
1003,17,44,3.522
1003,,,,17,44,3.620
1004,17,44,5.522
1004,,,,17,44,5.623
1005,17,44,7.545
1005,,,,17,44,7.645
1006,17,44,9.519
1006,,,,17,44,9.620
1007,17,44,11.522
1007,,,,17,44,11.623
1008,17,44,13.536
1008,,,,17,44,13.637
1009,17,44,15.513
1009,,,,17,44,15.614
1010,17,44,17.524
1010,,,,17,44,17.625
1011,17,44,19.537
1011,,,,17,44,19.638
1012,17,44,21.543
1012,,,,17,44,21.643
1013,17,44,23.518
1013,,,,17,44,23.622
1014,17,44,25.533
1014,,,,17,44,25.635
1015,17,44,27.542
1015,,,,17,44,27.614
1016,17,44,29.529
1016,,,,17,44,29.641
1017,17,44,31.515
1017,,,,17,44,31.616
1018,17,44,33.533
1018,,,,17,44,33.629
1019,17,44,35.516
1019,,,,17,44,35.616
1020,17,44,37.526
1020,,,,17,44,37.625
1021,17,44,39.540
1021,,,,17,44,39.641
1022,17,44,41.514
1022,,,,17,44,41.616
1023,17,44,43.524
1023,,,,17,44,43.623
1024,17,44,45.516
1024,,,,17,44,45.614
1025,17,44,47.524
1025,,,,17,44,47.629
1026,17,44,49.533
1026,,,,17,44,49.633
1027,17,44,51.536
1027,,,,17,44,51.637
1028,17,44,53.543
1028,,,,17,44,53.646
1029,17,44,55.519
1029,,,,17,44,55.636
1030,17,44,57.534
1030,,,,17,44,57.636
1031,17,44,59.521
1031,,,,17,44,59.623
1032,17,45,1.528
1032,,,,17,45,1.629
1033,17,45,3.519
1033,,,,17,45,3.616
1034,17,45,5.530
1034,,,,17,45,5.633
1035,17,45,7.539
1035,,,,17,45,7.640
1036,17,45,9.544
1036,,,,17,45,9.645
1037,17,45,11.516
1037,,,,17,45,11.620
1038,17,45,13.521
1038,,,,17,45,13.619
1039,17,45,15.522
1039,,,,17,45,15.621
1040,17,45,17.526
1040,,,,17,45,17.628
1041,17,45,19.537
1041,,,,17,45,19.637
1042,17,45,21.539
1042,,,,17,45,21.638
1043,17,45,23.540
1043,,,,17,45,23.643
1044,17,45,25.541
1044,,,,17,45,25.641
1045,17,45,27.542
1045,,,,17,45,27.641
1046,17,45,29.544
1046,,,,17,45,29.643
1047,17,45,31.518
1047,,,,17,45,31.619
1048,17,45,33.524
1048,,,,17,45,33.623
1049,17,45,35.532
1049,,,,17,45,35.638
1050,17,45,37.522
1050,,,,17,45,37.622
1051,17,45,39.522
1051,,,,17,45,39.622
1052,17,45,41.516
1052,,,,17,45,41.620
1053,17,45,43.519
1053,,,,17,45,43.621
1054,17,45,45.534
1054,,,,17,45,45.635
1055,17,45,47.517
1055,,,,17,45,47.618
1056,17,45,49.525
1056,,,,17,45,49.626
1057,17,45,51.515
1057,,,,17,45,51.613
1058,17,45,53.517
1058,,,,17,45,53.618
1059,17,45,55.535
1059,,,,17,45,55.615
1060,17,45,57.523
1060,,,,17,45,57.622
1061,17,45,59.531
1061,,,,17,45,59.634
1062,17,46,1.530
1062,,,,17,46,1.630
1063,17,46,3.538
1063,,,,17,46,3.636
1064,17,46,5.519
1064,,,,17,46,5.620
1065,17,46,7.532
1065,,,,17,46,7.632
1066,17,46,9.531
1066,,,,17,46,9.633
1067,17,46,11.545
1067,,,,17,46,11.645
1068,17,46,13.524
1068,,,,17,46,13.628
1069,17,46,15.541
1069,,,,17,46,15.641
1070,17,46,17.514
1070,,,,17,46,17.615
1071,17,46,19.517
1071,,,,17,46,19.618
1072,17,46,21.523
1072,,,,17,46,21.623
1073,17,46,23.522
1073,,,,17,46,23.624
1074,17,46,25.528
1074,,,,17,46,25.628
1075,17,46,27.537
1075,,,,17,46,27.642
1076,17,46,29.532
1076,,,,17,46,29.632
1077,17,46,31.542
1077,,,,17,46,31.642
1078,17,46,33.523
1078,,,,17,46,33.622
1079,17,46,35.524
1079,,,,17,46,35.625
1080,17,46,37.543
1080,,,,17,46,37.643
1081,17,46,39.522
1081,,,,17,46,39.623
1082,17,46,41.531
1082,,,,17,46,41.637
1083,17,46,43.543
1083,,,,17,46,43.638
1084,17,46,45.545
1084,,,,17,46,45.643
1085,17,46,47.521
1085,,,,17,46,47.622
1086,17,46,49.538
1086,,,,17,46,49.640
1087,17,46,51.519
1087,,,,17,46,51.620
1088,17,46,53.533
1088,,,,17,46,53.635
1089,17,46,55.540
1089,,,,17,46,55.640
1090,17,46,57.527
1090,,,,17,46,57.634
1091,17,46,59.539
1091,,,,17,46,59.640
1092,17,47,1.530
1092,,,,17,47,1.624
1093,17,47,3.532
1093,,,,17,47,3.629
1094,17,47,5.537
1094,,,,17,47,5.639
1095,17,47,7.542
1095,,,,17,47,7.642
1096,17,47,9.515
1096,,,,17,47,9.614
1097,17,47,11.521
1097,,,,17,47,11.622
1098,17,47,13.523
1098,,,,17,47,13.621
1099,17,47,15.520
1099,,,,17,47,15.622
1100,17,47,17.541
1100,,,,17,47,17.642
1101,17,47,19.524
1101,,,,17,47,19.625
1102,17,47,21.534
1102,,,,17,47,21.635
1103,17,47,23.540
1103,,,,17,47,23.642
1104,17,47,25.522
1104,,,,17,47,25.623
1105,17,47,27.523
1105,,,,17,47,27.624
1106,17,47,29.525
1106,,,,17,47,29.625
1107,17,47,31.541
1107,,,,17,47,31.642
1108,17,47,33.545
1108,,,,17,47,33.646
1109,17,47,35.522
1109,,,,17,47,35.622
1110,17,47,37.529
1110,,,,17,47,37.636
1111,17,47,39.537
1111,,,,17,47,39.635
1112,17,47,41.524
1112,,,,17,47,41.624
1113,17,47,43.523
1113,,,,17,47,43.624
1114,17,47,45.539
1114,,,,17,47,45.639
1115,17,47,47.541
1115,,,,17,47,47.642
1116,17,47,49.523
1116,,,,17,47,49.624
1117,17,47,51.536
1117,,,,17,47,51.643
1118,17,47,53.532
1118,,,,17,47,53.625
1119,17,47,55.518
1119,,,,17,47,55.623
1120,17,47,57.527
1120,,,,17,47,57.615
1121,17,47,59.516
1121,,,,17,47,59.643
1122,17,48,1.527
1122,,,,17,48,1.631
1123,17,48,3.538
1123,,,,17,48,3.638
1124,17,48,5.541
1124,,,,17,48,5.646
1125,17,48,7.518
1125,,,,17,48,7.618
1126,17,48,9.522
1126,,,,17,48,9.621
1127,17,48,11.532
1127,,,,17,48,11.631
1128,17,48,13.516
1128,,,,17,48,13.613
1129,17,48,15.521
1129,,,,17,48,15.621
1130,17,48,17.527
1130,,,,17,48,17.630
1131,17,48,19.535
1131,,,,17,48,19.636
1132,17,48,21.537
1132,,,,17,48,21.639
1133,17,48,23.528
1133,,,,17,48,23.626
1134,17,48,25.530
1134,,,,17,48,25.631
1135,17,48,27.535
1135,,,,17,48,27.635
1136,17,48,29.535
1136,,,,17,48,29.634
1137,17,48,31.517
1137,,,,17,48,31.613
1138,17,48,33.517
1138,,,,17,48,33.615
1139,17,48,35.517
1139,,,,17,48,35.620
1140,17,48,37.529
1140,,,,17,48,37.630
1141,17,48,39.542
1141,,,,17,48,39.643
1142,17,48,41.521
1142,,,,17,48,41.621
1143,17,48,43.522
1143,,,,17,48,43.624
1144,17,48,45.537
1144,,,,17,48,45.637
1145,17,48,47.549
1145,,,,17,48,47.645
1146,17,48,49.534
1146,,,,17,48,49.637
1147,17,48,51.545
1147,,,,17,48,51.650
1148,17,48,53.535
1148,,,,17,48,53.641
1149,17,48,55.539
1149,,,,17,48,55.640
1150,17,48,57.518
1150,,,,17,48,57.621
1151,17,48,59.520
1151,,,,17,48,59.620
1152,17,49,1.539
1152,,,,17,49,1.648
1153,17,49,3.527
1153,,,,17,49,3.627
1154,17,49,5.539
1154,,,,17,49,5.639
1155,17,49,7.516
1155,,,,17,49,7.645
1156,17,49,9.520
1156,,,,17,49,9.624
1157,17,49,11.535
1157,,,,17,49,11.635
1158,17,49,13.539
1158,,,,17,49,13.639
1159,17,49,15.541
1159,,,,17,49,15.642
1160,17,49,17.526
1160,,,,17,49,17.624
1161,17,49,19.533
1161,,,,17,49,19.635
1162,17,49,21.515
1162,,,,17,49,21.616
1163,17,49,23.519
1163,,,,17,49,23.617
1164,17,49,25.527
1164,,,,17,49,25.629
1165,17,49,27.534
1165,,,,17,49,27.634
1166,17,49,29.536
1166,,,,17,49,29.636
1167,17,49,31.543
1167,,,,17,49,31.614
1168,17,49,33.519
1168,,,,17,49,33.619
1169,17,49,35.536
1169,,,,17,49,35.635
1170,17,49,37.545
1170,,,,17,49,37.645
1171,17,49,39.513
1171,,,,17,49,39.620
1172,17,49,41.534
1172,,,,17,49,41.634
1173,17,49,43.543
1173,,,,17,49,43.640
1174,17,49,45.526
1174,,,,17,49,45.628
1175,17,49,47.529
1175,,,,17,49,47.628
1176,17,49,49.530
1176,,,,17,49,49.633
1177,17,49,51.538
1177,,,,17,49,51.637
1178,17,49,53.513
1178,,,,17,49,53.614
1179,17,49,55.522
1179,,,,17,49,55.625
1180,17,49,57.529
1180,,,,17,49,57.629
1181,17,49,59.535
1181,,,,17,49,59.632
1182,17,50,1.546
1182,,,,17,50,1.623
1183,17,50,3.522
1183,,,,17,50,3.624
1184,17,50,5.518
1184,,,,17,50,5.619
1185,17,50,7.535
1185,,,,17,50,7.633
1186,17,50,9.518
1186,,,,17,50,9.619
1187,17,50,11.536
1187,,,,17,50,11.639
1188,17,50,13.524
1188,,,,17,50,13.624
1189,17,50,15.516
1189,,,,17,50,15.623
1190,17,50,17.536
1190,,,,17,50,17.637
1191,17,50,19.539
1191,,,,17,50,19.639
1192,17,50,21.524
1192,,,,17,50,21.623
1193,17,50,23.528
1193,,,,17,50,23.630
1194,17,50,25.518
1194,,,,17,50,25.618
1195,17,50,27.518
1195,,,,17,50,27.629
1196,17,50,29.531
1196,,,,17,50,29.631
1197,17,50,31.532
1197,,,,17,50,31.633
1198,17,50,33.532
1198,,,,17,50,33.632
1199,17,50,35.516
1199,,,,17,50,35.619
1200,17,50,37.520
1200,,,,17,50,37.620
1201,17,50,39.519
1201,,,,17,50,39.630
1202,17,50,41.532
1202,,,,17,50,41.632
1203,17,50,43.535
1203,,,,17,50,43.635
1204,17,50,45.540
1204,,,,17,50,45.642
1205,17,50,47.534
1205,,,,17,50,47.638
1206,17,50,49.514
1206,,,,17,50,49.615
1207,17,50,51.517
1207,,,,17,50,51.619
1208,17,50,53.528
1208,,,,17,50,53.628
1209,17,50,55.545
1209,,,,17,50,55.645
1210,17,50,57.520
1210,,,,17,50,57.622
1211,17,50,59.537
1211,,,,17,50,59.637
1212,17,51,1.537
1212,,,,17,51,1.637
1213,17,51,3.538
1213,,,,17,51,3.643
1214,17,51,5.526
1214,,,,17,51,5.631
1215,17,51,7.536
1215,,,,17,51,7.637
1216,17,51,9.544
1216,,,,17,51,9.635
1217,17,51,11.540
1217,,,,17,51,11.638
1218,17,51,13.540
1218,,,,17,51,13.640
1219,17,51,15.527
1219,,,,17,51,15.628
1220,17,51,17.543
1220,,,,17,51,17.621
1221,17,51,19.517
1221,,,,17,51,19.633
1222,17,51,21.533
1222,,,,17,51,21.634
1223,17,51,23.534
1223,,,,17,51,23.636
1224,17,51,25.541
1224,,,,17,51,25.617
1225,17,51,27.520
1225,,,,17,51,27.624
1226,17,51,29.542
1226,,,,17,51,29.619
1227,17,51,31.519
1227,,,,17,51,31.630
1228,17,51,33.531
1228,,,,17,51,33.632
1229,17,51,35.537
1229,,,,17,51,35.638
1230,17,51,37.520
1230,,,,17,51,37.620
1231,17,51,39.519
1231,,,,17,51,39.629
1232,17,51,41.516
1232,,,,17,51,41.621
1233,17,51,43.534
1233,,,,17,51,43.636
1234,17,51,45.515
1234,,,,17,51,45.615
1235,17,51,47.515
1235,,,,17,51,47.623
1236,17,51,49.533
1236,,,,17,51,49.636
1237,17,51,51.516
1237,,,,17,51,51.638
1238,17,51,53.532
1238,,,,17,51,53.632
1239,17,51,55.535
1239,,,,17,51,55.638
1240,17,51,57.522
1240,,,,17,51,57.628
1241,17,51,59.535
1241,,,,17,51,59.636
1242,17,52,1.531
1242,,,,17,52,1.630
1243,17,52,3.533
1243,,,,17,52,3.636
1244,17,52,5.538
1244,,,,17,52,5.641
1245,17,52,7.514
1245,,,,17,52,7.614
1246,17,52,9.522
1246,,,,17,52,9.622
1247,17,52,11.524
1247,,,,17,52,11.624
1248,17,52,13.529
1248,,,,17,52,13.628
1249,17,52,15.540
1249,,,,17,52,15.638
1250,17,52,17.542
1250,,,,17,52,17.641
1251,17,52,19.522
1251,,,,17,52,19.622
1252,17,52,21.526
1252,,,,17,52,21.626
1253,17,52,23.520
1253,,,,17,52,23.625
1254,17,52,25.539
1254,,,,17,52,25.639
1255,17,52,27.521
1255,,,,17,52,27.622
1256,17,52,29.530
1256,,,,17,52,29.633
1257,17,52,31.540
1257,,,,17,52,31.642
1258,17,52,33.519
1258,,,,17,52,33.618
1259,17,52,35.534
1259,,,,17,52,35.635
1260,17,52,37.519
1260,,,,17,52,37.621
1261,17,52,39.533
1261,,,,17,52,39.634
1262,17,52,41.538
1262,,,,17,52,41.637
1263,17,52,43.515
1263,,,,17,52,43.616
1264,17,52,45.520
1264,,,,17,52,45.619
1265,17,52,47.532
1265,,,,17,52,47.636
1266,17,52,49.521
1266,,,,17,52,49.622
1267,17,52,51.530
1267,,,,17,52,51.629
1268,17,52,53.532
1268,,,,17,52,53.630
1269,17,52,55.540
1269,,,,17,52,55.640
1270,17,52,57.513
1270,,,,17,52,57.621
1271,17,52,59.529
1271,,,,17,52,59.630
1272,17,53,1.541
1272,,,,17,53,1.643
1273,17,53,3.541
1273,,,,17,53,3.614
1274,17,53,5.516
1274,,,,17,53,5.618
1275,17,53,7.524
1275,,,,17,53,7.624
1276,17,53,9.530
1276,,,,17,53,9.629
1277,17,53,11.537
1277,,,,17,53,11.637
1278,17,53,13.513
1278,,,,17,53,13.622
1279,17,53,15.525
1279,,,,17,53,15.628
1280,17,53,17.532
1280,,,,17,53,17.633
1281,17,53,19.540
1281,,,,17,53,19.639
1282,17,53,21.533
1282,,,,17,53,21.631
1283,17,53,23.539
1283,,,,17,53,23.638
1284,17,53,25.545
1284,,,,17,53,25.623
1285,17,53,27.524
1285,,,,17,53,27.624
1286,17,53,29.529
1286,,,,17,53,29.629
1287,17,53,31.540
1287,,,,17,53,31.640
1288,17,53,33.516
1288,,,,17,53,33.621
1289,17,53,35.526
1289,,,,17,53,35.629
1290,17,53,37.553
1290,,,,17,53,37.622
1291,17,53,39.533
1291,,,,17,53,39.632
1292,17,53,41.537
1292,,,,17,53,41.639
1293,17,53,43.522
1293,,,,17,53,43.624
1294,17,53,45.534
1294,,,,17,53,45.635
1295,17,53,47.537
1295,,,,17,53,47.638
1296,17,53,49.516
1296,,,,17,53,49.623
1297,17,53,51.538
1297,,,,17,53,51.639
1298,17,53,53.540
1298,,,,17,53,53.639
1299,17,53,55.536
1299,,,,17,53,55.638
1300,17,53,57.515
1300,,,,17,53,57.615
1301,17,53,59.517
1301,,,,17,53,59.616
1302,17,54,1.528
1302,,,,17,54,1.632
1303,17,54,3.535
1303,,,,17,54,3.636
1304,17,54,5.540
1304,,,,17,54,5.637
1305,17,54,7.514
1305,,,,17,54,7.616
1306,17,54,9.523
1306,,,,17,54,9.623
1307,17,54,11.534
1307,,,,17,54,11.633
1308,17,54,13.533
1308,,,,17,54,13.633
1309,17,54,15.534
1309,,,,17,54,15.632
1310,17,54,17.536
1310,,,,17,54,17.635
1311,17,54,19.544
1311,,,,17,54,19.644
1312,17,54,21.520
1312,,,,17,54,21.636
1313,17,54,23.538
1313,,,,17,54,23.638
1314,17,54,25.513
1314,,,,17,54,25.614
1315,17,54,27.520
1315,,,,17,54,27.624
1316,17,54,29.521
1316,,,,17,54,29.626
1317,17,54,31.537
1317,,,,17,54,31.637
1318,17,54,33.545
1318,,,,17,54,33.621
1319,17,54,35.527
1319,,,,17,54,35.627
1320,17,54,37.517
1320,,,,17,54,37.637
1321,17,54,39.538
1321,,,,17,54,39.638
1322,17,54,41.520
1322,,,,17,54,41.619
1323,17,54,43.527
1323,,,,17,54,43.625
1324,17,54,45.542
1324,,,,17,54,45.620
1325,17,54,47.532
1325,,,,17,54,47.643
1326,17,54,49.517
1326,,,,17,54,49.619
1327,17,54,51.526
1327,,,,17,54,51.626
1328,17,54,53.539
1328,,,,17,54,53.639
1329,17,54,55.521
1329,,,,17,54,55.618
1330,17,54,57.530
1330,,,,17,54,57.631
1331,17,54,59.533
1331,,,,17,54,59.633
1332,17,55,1.538
1332,,,,17,55,1.639
1333,17,55,3.521
1333,,,,17,55,3.624
1334,17,55,5.540
1334,,,,17,55,5.643
1335,17,55,7.530
1335,,,,17,55,7.631
1336,17,55,9.534
1336,,,,17,55,9.633
1337,17,55,11.543
1337,,,,17,55,11.618
1338,17,55,13.514
1338,,,,17,55,13.618
1339,17,55,15.531
1339,,,,17,55,15.633
1340,17,55,17.535
1340,,,,17,55,17.634
1341,17,55,19.545
1341,,,,17,55,19.617
1342,17,55,21.517
1342,,,,17,55,21.628
1343,17,55,23.517
1343,,,,17,55,23.630
1344,17,55,25.526
1344,,,,17,55,25.627
1345,17,55,27.536
1345,,,,17,55,27.636
1346,17,55,29.514
1346,,,,17,55,29.616
1347,17,55,31.526
1347,,,,17,55,31.626
1348,17,55,33.530
1348,,,,17,55,33.631
1349,17,55,35.541
1349,,,,17,55,35.644
1350,17,55,37.519
1350,,,,17,55,37.622
1351,17,55,39.527
1351,,,,17,55,39.627
1352,17,55,41.540
1352,,,,17,55,41.641
1353,17,55,43.541
1353,,,,17,55,43.641
1354,17,55,45.529
1354,,,,17,55,45.631
1355,17,55,47.520
1355,,,,17,55,47.617
1356,17,55,49.521
1356,,,,17,55,49.627
1357,17,55,51.545
1357,,,,17,55,51.616
1358,17,55,53.521
1358,,,,17,55,53.631
1359,17,55,55.548
1359,,,,17,55,55.648
1360,17,55,57.523
1360,,,,17,55,57.623
1361,17,55,59.539
1361,,,,17,55,59.632
1362,17,56,1.551
1362,,,,17,56,1.626
1363,17,56,3.520
1363,,,,17,56,3.623
1364,17,56,5.538
1364,,,,17,56,5.638
1365,17,56,7.518
1365,,,,17,56,7.618
1366,17,56,9.523
1366,,,,17,56,9.624
1367,17,56,11.532
1367,,,,17,56,11.634
1368,17,56,13.533
1368,,,,17,56,13.633
1369,17,56,15.515
1369,,,,17,56,15.620
1370,17,56,17.519
1370,,,,17,56,17.621
1371,17,56,19.531
1371,,,,17,56,19.631
1372,17,56,21.514
1372,,,,17,56,21.622
1373,17,56,23.536
1373,,,,17,56,23.640
1374,17,56,25.541
1374,,,,17,56,25.638
1375,17,56,27.541
1375,,,,17,56,27.640
1376,17,56,29.516
1376,,,,17,56,29.624
1377,17,56,31.535
1377,,,,17,56,31.640
1378,17,56,33.537
1378,,,,17,56,33.633
1379,17,56,35.541
1379,,,,17,56,35.617
1380,17,56,37.529
1380,,,,17,56,37.629
1381,17,56,39.513
1381,,,,17,56,39.643
1382,17,56,41.516
1382,,,,17,56,41.616
1383,17,56,43.542
1383,,,,17,56,43.639
1384,17,56,45.542
1384,,,,17,56,45.638
1385,17,56,47.531
1385,,,,17,56,47.641
1386,17,56,49.527
1386,,,,17,56,49.622
1387,17,56,51.540
1387,,,,17,56,51.637
1388,17,56,53.518
1388,,,,17,56,53.621
1389,17,56,55.526
1389,,,,17,56,55.628
1390,17,56,57.542
1390,,,,17,56,57.618
1391,17,56,59.526
1391,,,,17,56,59.625
1392,17,57,1.538
1392,,,,17,57,1.648
1393,17,57,3.522
1393,,,,17,57,3.622
1394,17,57,5.549
1394,,,,17,57,5.619
1395,17,57,7.538
1395,,,,17,57,7.637
1396,17,57,9.514
1396,,,,17,57,9.618
1397,17,57,11.515
1397,,,,17,57,11.630
1398,17,57,13.539
1398,,,,17,57,13.639
1399,17,57,15.517
1399,,,,17,57,15.616
1400,17,57,17.515
1400,,,,17,57,17.628
1401,17,57,19.530
1401,,,,17,57,19.626
1402,17,57,21.537
1402,,,,17,57,21.638
1403,17,57,23.516
1403,,,,17,57,23.619
1404,17,57,25.527
1404,,,,17,57,25.627
1405,17,57,27.537
1405,,,,17,57,27.638
1406,17,57,29.518
1406,,,,17,57,29.618
1407,17,57,31.536
1407,,,,17,57,31.635
1408,17,57,33.541
1408,,,,17,57,33.643
1409,17,57,35.518
1409,,,,17,57,35.618
1410,17,57,37.528
1410,,,,17,57,37.627
1411,17,57,39.513
1411,,,,17,57,39.621
1412,17,57,41.517
1412,,,,17,57,41.616
1413,17,57,43.524
1413,,,,17,57,43.624
1414,17,57,45.529
1414,,,,17,57,45.630
1415,17,57,47.531
1415,,,,17,57,47.631
1416,17,57,49.531
1416,,,,17,57,49.632
1417,17,57,51.537
1417,,,,17,57,51.636
1418,17,57,53.544
1418,,,,17,57,53.620
1419,17,57,55.516
1419,,,,17,57,55.619
1420,17,57,57.536
1420,,,,17,57,57.637
1421,17,57,59.514
1421,,,,17,57,59.631
1422,17,58,1.528
1422,,,,17,58,1.630
1423,17,58,3.539
1423,,,,17,58,3.634
1424,17,58,5.522
1424,,,,17,58,5.624
1425,17,58,7.536
1425,,,,17,58,7.638
1426,17,58,9.522
1426,,,,17,58,9.620
1427,17,58,11.534
1427,,,,17,58,11.634
1428,17,58,13.538
1428,,,,17,58,13.615
1429,17,58,15.519
1429,,,,17,58,15.620
1430,17,58,17.531
1430,,,,17,58,17.632
1431,17,58,19.516
1431,,,,17,58,19.617
1432,17,58,21.522
1432,,,,17,58,21.623
1433,17,58,23.533
1433,,,,17,58,23.634
1434,17,58,25.538
1434,,,,17,58,25.638
1435,17,58,27.514
1435,,,,17,58,27.617
1436,17,58,29.532
1436,,,,17,58,29.633
1437,17,58,31.518
1437,,,,17,58,31.619
1438,17,58,33.531
1438,,,,17,58,33.632
1439,17,58,35.515
1439,,,,17,58,35.614
1440,17,58,37.520
1440,,,,17,58,37.620
1441,17,58,39.531
1441,,,,17,58,39.634
1442,17,58,41.513
1442,,,,17,58,41.613
1443,17,58,43.546
1443,,,,17,58,43.647
1444,17,58,45.516
1444,,,,17,58,45.618
1445,17,58,47.523
1445,,,,17,58,47.623
1446,17,58,49.530
1446,,,,17,58,49.637
1447,17,58,51.540
1447,,,,17,58,51.641
1448,17,58,53.515
1448,,,,17,58,53.615
1449,17,58,55.531
1449,,,,17,58,55.632
1450,17,58,57.546
1450,,,,17,58,57.620
1451,17,58,59.529
1451,,,,17,58,59.631
1452,17,59,1.544
1452,,,,17,59,1.641
1453,17,59,3.518
1453,,,,17,59,3.626
1454,17,59,5.541
1454,,,,17,59,5.641
1455,17,59,7.543
1455,,,,17,59,7.644
1456,17,59,9.518
1456,,,,17,59,9.619
1457,17,59,11.526
1457,,,,17,59,11.638
1458,17,59,13.541
1458,,,,17,59,13.638
1459,17,59,15.537
1459,,,,17,59,15.635
1460,17,59,17.540
1460,,,,17,59,17.636
1461,17,59,19.527
1461,,,,17,59,19.631
1462,17,59,21.542
1462,,,,17,59,21.642
1463,17,59,23.518
1463,,,,17,59,23.624
1464,17,59,25.541
1464,,,,17,59,25.641
1465,17,59,27.540
1465,,,,17,59,27.644
1466,17,59,29.534
1466,,,,17,59,29.633
1467,17,59,31.517
1467,,,,17,59,31.617
1468,17,59,33.527
1468,,,,17,59,33.621
1469,17,59,35.536
1469,,,,17,59,35.635
1470,17,59,37.538
1470,,,,17,59,37.640
1471,17,59,39.513
1471,,,,17,59,39.613
1472,17,59,41.515
1472,,,,17,59,41.613
1473,17,59,43.520
1473,,,,17,59,43.622
1474,17,59,45.535
1474,,,,17,59,45.635
1475,17,59,47.514
1475,,,,17,59,47.613
1476,17,59,49.519
1476,,,,17,59,49.621
1477,17,59,51.531
1477,,,,17,59,51.632
1478,17,59,53.534
1478,,,,17,59,53.643
1479,17,59,55.544
1479,,,,17,59,55.645
1480,17,59,57.517
1480,,,,17,59,57.618
1481,17,59,59.516
1481,,,,17,59,59.615
1482,18,0,1.522
1482,,,,18,0,1.622
1483,18,0,3.527
1483,,,,18,0,3.637
1484,18,0,5.538
1484,,,,18,0,5.639
1485,18,0,7.541
1485,,,,18,0,7.643
1486,18,0,9.538
1486,,,,18,0,9.641
1487,18,0,11.542
1487,,,,18,0,11.644
1488,18,0,13.545
1488,,,,18,0,13.644
1489,18,0,15.522
1489,,,,18,0,15.623
1490,18,0,17.537
1490,,,,18,0,17.635
1491,18,0,19.540
1491,,,,18,0,19.640
1492,18,0,21.526
1492,,,,18,0,21.637
1493,18,0,23.516
1493,,,,18,0,23.616
1494,18,0,25.525
1494,,,,18,0,25.623
1495,18,0,27.536
1495,,,,18,0,27.637
1496,18,0,29.542
1496,,,,18,0,29.641
1497,18,0,31.531
1497,,,,18,0,31.635
1498,18,0,33.537
1498,,,,18,0,33.637
1499,18,0,35.546
1499,,,,18,0,35.613
1500,18,0,37.516
1500,,,,18,0,37.617
1501,18,0,39.532
1501,,,,18,0,39.633
1502,18,0,41.528
1502,,,,18,0,41.635
1503,18,0,43.536
1503,,,,18,0,43.636
1504,18,0,45.540
1504,,,,18,0,45.642
1505,18,0,47.539
1505,,,,18,0,47.643
1506,18,0,49.525
1506,,,,18,0,49.629
1507,18,0,51.530
1507,,,,18,0,51.635
1508,18,0,53.536
1508,,,,18,0,53.643
1509,18,0,55.545
1509,,,,18,0,55.614
1510,18,0,57.517
1510,,,,18,0,57.618
1511,18,0,59.527
1511,,,,18,0,59.627
1512,18,1,1.530
1512,,,,18,1,1.653
1513,18,1,3.541
1513,,,,18,1,3.642
1514,18,1,5.514
1514,,,,18,1,5.614
1515,18,1,7.523
1515,,,,18,1,7.626
1516,18,1,9.537
1516,,,,18,1,9.639
1517,18,1,11.540
1517,,,,18,1,11.640
1518,18,1,13.514
1518,,,,18,1,13.613
1519,18,1,15.518
1519,,,,18,1,15.617
1520,18,1,17.526
1520,,,,18,1,17.630
1521,18,1,19.526
1521,,,,18,1,19.632
1522,18,1,21.538
1522,,,,18,1,21.636
1523,18,1,23.540
1523,,,,18,1,23.641
1524,18,1,25.519
1524,,,,18,1,25.620
1525,18,1,27.539
1525,,,,18,1,27.642
1526,18,1,29.544
1526,,,,18,1,29.642
1527,18,1,31.522
1527,,,,18,1,31.626
1528,18,1,33.537
1528,,,,18,1,33.641
1529,18,1,35.541
1529,,,,18,1,35.640
1530,18,1,37.536
1530,,,,18,1,37.635
1531,18,1,39.541
1531,,,,18,1,39.642
1532,18,1,41.520
1532,,,,18,1,41.625
1533,18,1,43.523
1533,,,,18,1,43.623
1534,18,1,45.534
1534,,,,18,1,45.639
1535,18,1,47.535
1535,,,,18,1,47.636
1536,18,1,49.534
1536,,,,18,1,49.633
1537,18,1,51.538
1537,,,,18,1,51.638
1538,18,1,53.516
1538,,,,18,1,53.616
1539,18,1,55.531
1539,,,,18,1,55.632
1540,18,1,57.538
1540,,,,18,1,57.642
1541,18,1,59.515
1541,,,,18,1,59.616
1542,18,2,1.534
1542,,,,18,2,1.644
1543,18,2,3.546
1543,,,,18,2,3.646
1544,18,2,5.514
1544,,,,18,2,5.616
1545,18,2,7.523
1545,,,,18,2,7.624
1546,18,2,9.542
1546,,,,18,2,9.645
1547,18,2,11.524
1547,,,,18,2,11.623
1548,18,2,13.527
1548,,,,18,2,13.627
1549,18,2,15.533
1549,,,,18,2,15.636
1550,18,2,17.539
1550,,,,18,2,17.639
1551,18,2,19.532
1551,,,,18,2,19.632
1552,18,2,21.534
1552,,,,18,2,21.633
1553,18,2,23.535
1553,,,,18,2,23.639
1554,18,2,25.524
1554,,,,18,2,25.622
1555,18,2,27.540
1555,,,,18,2,27.640
1556,18,2,29.513
1556,,,,18,2,29.646
1557,18,2,31.545
1557,,,,18,2,31.644
1558,18,2,33.527
1558,,,,18,2,33.636
1559,18,2,35.541
1559,,,,18,2,35.642
1560,18,2,37.521
1560,,,,18,2,37.627
1561,18,2,39.533
1561,,,,18,2,39.635
1562,18,2,41.538
1562,,,,18,2,41.642
1563,18,2,43.545
1563,,,,18,2,43.643
1564,18,2,45.520
1564,,,,18,2,45.620
1565,18,2,47.520
1565,,,,18,2,47.620
1566,18,2,49.523
1566,,,,18,2,49.623
1567,18,2,51.535
1567,,,,18,2,51.636
1568,18,2,53.539
1568,,,,18,2,53.639
1569,18,2,55.517
1569,,,,18,2,55.619
1570,18,2,57.522
1570,,,,18,2,57.622
1571,18,2,59.515
1571,,,,18,2,59.615
1572,18,3,1.517
1572,,,,18,3,1.617
1573,18,3,3.529
1573,,,,18,3,3.645
1574,18,3,5.516
1574,,,,18,3,5.618
1575,18,3,7.520
1575,,,,18,3,7.622
1576,18,3,9.530
1576,,,,18,3,9.632
1577,18,3,11.536
1577,,,,18,3,11.634
1578,18,3,13.518
1578,,,,18,3,13.617
1579,18,3,15.529
1579,,,,18,3,15.633
1580,18,3,17.534
1580,,,,18,3,17.636
1581,18,3,19.515
1581,,,,18,3,19.617
1582,18,3,21.518
1582,,,,18,3,21.618
1583,18,3,23.516
1583,,,,18,3,23.617
1584,18,3,25.523
1584,,,,18,3,25.631
1585,18,3,27.523
1585,,,,18,3,27.623
1586,18,3,29.531
1586,,,,18,3,29.642
1587,18,3,31.546
1587,,,,18,3,31.614
1588,18,3,33.531
1588,,,,18,3,33.633
1589,18,3,35.539
1589,,,,18,3,35.641
1590,18,3,37.533
1590,,,,18,3,37.635
1591,18,3,39.524
1591,,,,18,3,39.636
1592,18,3,41.537
1592,,,,18,3,41.639
1593,18,3,43.520
1593,,,,18,3,43.624
1594,18,3,45.531
1594,,,,18,3,45.633
1595,18,3,47.513
1595,,,,18,3,47.619
1596,18,3,49.525
1596,,,,18,3,49.636
1597,18,3,51.536
1597,,,,18,3,51.636
1598,18,3,53.542
1598,,,,18,3,53.642
1599,18,3,55.518
1599,,,,18,3,55.625
1600,18,3,57.527
1600,,,,18,3,57.632
1601,18,3,59.532
1601,,,,18,3,59.634
1602,18,4,1.517
1602,,,,18,4,1.616
1603,18,4,3.522
1603,,,,18,4,3.631
1604,18,4,5.541
1604,,,,18,4,5.642
1605,18,4,7.538
1605,,,,18,4,7.639
1606,18,4,9.542
1606,,,,18,4,9.642
1607,18,4,11.520
1607,,,,18,4,11.621
1608,18,4,13.520
1608,,,,18,4,13.623
1609,18,4,15.545
1609,,,,18,4,15.614
1610,18,4,17.530
1610,,,,18,4,17.629
1611,18,4,19.530
1611,,,,18,4,19.635
1612,18,4,21.537
1612,,,,18,4,21.638
1613,18,4,23.516
1613,,,,18,4,23.618
1614,18,4,25.524
1614,,,,18,4,25.624
1615,18,4,27.533
1615,,,,18,4,27.644
1616,18,4,29.519
1616,,,,18,4,29.619
1617,18,4,31.523
1617,,,,18,4,31.622
1618,18,4,33.540
1618,,,,18,4,33.636
1619,18,4,35.520
1619,,,,18,4,35.620
1620,18,4,37.527
1620,,,,18,4,37.626
1621,18,4,39.531
1621,,,,18,4,39.631
1622,18,4,41.538
1622,,,,18,4,41.637
1623,18,4,43.524
1623,,,,18,4,43.621
1624,18,4,45.523
1624,,,,18,4,45.629
1625,18,4,47.536
1625,,,,18,4,47.636
1626,18,4,49.545
1626,,,,18,4,49.613
1627,18,4,51.521
1627,,,,18,4,51.622
1628,18,4,53.528
1628,,,,18,4,53.639
1629,18,4,55.540
1629,,,,18,4,55.639
1630,18,4,57.542
1630,,,,18,4,57.642
1631,18,4,59.520
1631,,,,18,4,59.617
1632,18,5,1.534
1632,,,,18,5,1.645
1633,18,5,3.537
1633,,,,18,5,3.641
1634,18,5,5.522
1634,,,,18,5,5.618
1635,18,5,7.533
1635,,,,18,5,7.645
1636,18,5,9.542
1636,,,,18,5,9.640
1637,18,5,11.520
1637,,,,18,5,11.620
1638,18,5,13.532
1638,,,,18,5,13.632
1639,18,5,15.517
1639,,,,18,5,15.616
1640,18,5,17.533
1640,,,,18,5,17.634
1641,18,5,19.515
1641,,,,18,5,19.615
1642,18,5,21.527
1642,,,,18,5,21.627
1643,18,5,23.535
1643,,,,18,5,23.645
1644,18,5,25.516
1644,,,,18,5,25.617
1645,18,5,27.522
1645,,,,18,5,27.626
1646,18,5,29.530
1646,,,,18,5,29.632
1647,18,5,31.536
1647,,,,18,5,31.638
1648,18,5,33.517
1648,,,,18,5,33.617
1649,18,5,35.526
