No	hr	min	sec	hr	min	sec
1	17	10	39.514	17	10	40.524
1						
2	17	10	41.535	17	10	41.634
2						
3	17	10	43.537	17	10	43.639
3						
4	17	10	45.514	17	10	45.614
4						
5	17	10	47.523	17	10	47.626
5						
6	17	10	49.52	17	10	49.625
6						
7	17	10	51.536	17	10	51.636
7						
8	17	10	53.541	17	10	53.642
8						
9	17	10	55.544	17	10	55.645
9						
10	17	10	57.526	17	10	57.617
10						
11	17	10	59.536	17	10	59.64
11						
12	17	11	1.528	17	11	1.631
12						
13	17	11	3.531	17	11	3.629
13						
14	17	11	5.528	17	11	5.627
14						
15	17	11	7.525	17	11	7.627
15						
16	17	11	9.524	17	11	9.624
16						
17	17	11	11.529	17	11	11.63
17						
18	17	11	13.546	17	11	13.621
18						
19	17	11	15.527	17	11	15.628
19						
20	17	11	17.537	17	11	17.636
20						
21	17	11	19.528	17	11	19.628
21						
22	17	11	21.528	17	11	21.628
22						
23	17	11	23.541	17	11	23.641
23						
24	17	11	25.537	17	11	25.639
24						
25	17	11	27.543	17	11	27.644
25						
26	17	11	29.523	17	11	29.624
26						
27	17	11	31.535	17	11	31.637
27						
28	17	11	33.541	17	11	33.643
28						
29	17	11	35.518	17	11	35.624
29						
30	17	11	37.531	17	11	37.632
30						
31	17	11	39.516	17	11	39.624
31						
32	17	11	41.532	17	11	41.634
32						
33	17	11	43.538	17	11	43.639
33						
34	17	11	45.541	17	11	45.64
34						
35	17	11	47.529	17	11	47.632
35						
36	17	11	49.53	17	11	49.635
36						
37	17	11	51.537	17	11	51.638
37						
38	17	11	53.52	17	11	53.619
38						
39	17	11	55.525	17	11	55.629
39						
40	17	11	57.534	17	11	57.634
40						
41	17	11	59.536	17	11	59.636
41						
42	17	12	1.517	17	12	1.632
42						
43	17	12	3.535	17	12	3.636
43						
44	17	12	5.536	17	12	5.635
44						
45	17	12	7.515	17	12	7.625
45						
46	17	12	9.532	17	12	9.633
46						
47	17	12	11.536	17	12	11.635
47						
48	17	12	13.542	17	12	13.642
48						
49	17	12	15.515	17	12	15.613
49						
50	17	12	17.529	17	12	17.63
50						
51	17	12	19.534	17	12	19.636
51						
52	17	12	21.521	17	12	21.645
52						
53	17	12	23.521	17	12	23.624
53						
54	17	12	25.538	17	12	25.64
54						
55	17	12	27.542	17	12	27.642
55						
56	17	12	29.516	17	12	29.621
56						
57	17	12	31.525	17	12	31.624
57						
58	17	12	33.526	17	12	33.626
58						
59	17	12	35.537	17	12	35.64
59						
60	17	12	37.517	17	12	37.618
60						
61	17	12	39.525	17	12	39.621
61						
62	17	12	41.545	17	12	41.648
62						
63	17	12	43.538	17	12	43.629
63						
64	17	12	45.535	17	12	45.636
64						
65	17	12	47.541	17	12	47.641
65						
66	17	12	49.523	17	12	49.623
66						
67	17	12	51.531	17	12	51.628
67						
68	17	12	53.542	17	12	53.64
68						
69	17	12	55.549	17	12	55.619
69						
70	17	12	57.532	17	12	57.633
70						
71	17	12	59.539	17	12	59.64
71						
72	17	13	1.539	17	13	1.64
72						
73	17	13	3.518	17	13	3.622
73						
74	17	13	5.522	17	13	5.622
74						
75	17	13	7.534	17	13	7.633
75						
76	17	13	9.542	17	13	9.644
76						
77	17	13	11.55	17	13	11.613
77						
78	17	13	13.516	17	13	13.619
78						
79	17	13	15.524	17	13	15.625
79						
80	17	13	17.513	17	13	17.617
80						
81	17	13	19.53	17	13	19.632
81						
82	17	13	21.545	17	13	21.624
82						
83	17	13	23.52	17	13	23.62
83						
84	17	13	25.527	17	13	25.635
84						
85	17	13	27.539	17	13	27.641
85						
86	17	13	29.514	17	13	29.615
86						
87	17	13	31.522	17	13	31.628
87						
88	17	13	33.541	17	13	33.642
88						
89	17	13	35.514	17	13	35.62
89						
90	17	13	37.517	17	13	37.626
90						
91	17	13	39.534	17	13	39.63
91						
92	17	13	41.537	17	13	41.614
92						
93	17	13	43.523	17	13	43.623
93						
94	17	13	45.556	17	13	45.617
94						
95	17	13	47.525	17	13	47.636
95						
96	17	13	49.542	17	13	49.642
96						
97	17	13	51.539	17	13	51.639
97						
98	17	13	53.518	17	13	53.618
98						
99	17	13	55.517	17	13	55.623
99						
100	17	13	57.543	17	13	57.617
100						
101	17	13	59.541	17	13	59.614
101						
102	17	14	1.523	17	14	1.623
102						
103	17	14	3.535	17	14	3.635
103						
104	17	14	5.548	17	14	5.615
104						
105	17	14	7.538	17	14	7.649
105						
106	17	14	9.528	17	14	9.637
106						
107	17	14	11.537	17	14	11.637
107						
108	17	14	13.518	17	14	13.618
108						
109	17	14	15.53	17	14	15.63
109						
110	17	14	17.55	17	14	17.616
110						
111	17	14	19.518	17	14	19.624
111						
112	17	14	21.535	17	14	21.635
112						
113	17	14	23.546	17	14	23.645
113						
114	17	14	25.529	17	14	25.629
114						
115	17	14	27.514	17	14	27.647
115						
116	17	14	29.52	17	14	29.623
116						
117	17	14	31.538	17	14	31.619
117						
118	17	14	33.53	17	14	33.63
118						
119	17	14	35.541	17	14	35.613
119						
120	17	14	37.513	17	14	37.613
120						
121	17	14	39.537	17	14	39.64
121						
122	17	14	41.538	17	14	41.637
122						
123	17	14	43.542	17	14	43.616
123						
124	17	14	45.515	17	14	45.62
124						
125	17	14	47.534	17	14	47.637
125						
126	17	14	49.537	17	14	49.635
126						
127	17	14	51.541	17	14	51.642
127						
128	17	14	53.522	17	14	53.622
128						
129	17	14	55.526	17	14	55.628
129						
130	17	14	57.538	17	14	57.638
130						
131	17	14	59.537	17	14	59.636
131						
132	17	15	1.523	17	15	1.629
132						
133	17	15	3.531	17	15	3.634
133						
134	17	15	5.545	17	15	5.617
134						
135	17	15	7.518	17	15	7.644
135						
136	17	15	9.518	17	15	9.618
136						
137	17	15	11.526	17	15	11.63
137						
138	17	15	13.539	17	15	13.617
138						
139	17	15	15.521	17	15	15.63
139						
140	17	15	17.535	17	15	17.647
140						
141	17	15	19.531	17	15	19.631
141						
142	17	15	21.537	17	15	21.637
142						
143	17	15	23.535	17	15	23.648
143						
144	17	15	25.514	17	15	25.614
144						
145	17	15	27.535	17	15	27.636
145						
146	17	15	29.54	17	15	29.647
146						
147	17	15	31.518	17	15	31.627
147						
148	17	15	33.534	17	15	33.634
148						
149	17	15	35.532	17	15	35.64
149						
150	17	15	37.551	17	15	37.625
150						
151	17	15	39.522	17	15	39.622
151						
152	17	15	41.523	17	15	41.63
152						
153	17	15	43.538	17	15	43.638
153						
154	17	15	45.543	17	15	45.643
154						
155	17	15	47.537	17	15	47.637
155						
156	17	15	49.536	17	15	49.643
156						
157	17	15	51.545	17	15	51.645
157						
158	17	15	53.525	17	15	53.625
158						
159	17	15	55.524	17	15	55.624
159						
160	17	15	57.532	17	15	57.638
160						
161	17	15	59.515	17	15	59.622
161						
162	17	16	1.527	17	16	1.627
162						
163	17	16	3.542	17	16	3.642
163						
164	17	16	5.524	17	16	5.641
164						
165	17	16	7.515	17	16	7.615
165						
166	17	16	9.519	17	16	9.62
166						
167	17	16	11.535	17	16	11.64
167						
168	17	16	13.522	17	16	13.624
168						
169	17	16	15.538	17	16	15.64
169						
170	17	16	17.515	17	16	17.616
170						
171	17	16	19.533	17	16	19.639
171						
172	17	16	21.543	17	16	21.616
172						
173	17	16	23.517	17	16	23.622
173						
174	17	16	25.521	17	16	25.621
174						
175	17	16	27.525	17	16	27.632
175						
176	17	16	29.533	17	16	29.632
176						
177	17	16	31.538	17	16	31.637
177						
178	17	16	33.541	17	16	33.614
178						
179	17	16	35.515	17	16	35.615
179						
180	17	16	37.518	17	16	37.618
180						
181	17	16	39.519	17	16	39.627
181						
182	17	16	41.53	17	16	41.631
182						
183	17	16	43.534	17	16	43.636
183						
184	17	16	45.539	17	16	45.622
184						
185	17	16	47.522	17	16	47.627
185						
186	17	16	49.534	17	16	49.641
186						
187	17	16	51.539	17	16	51.645
187						
188	17	16	53.522	17	16	53.633
188						
189	17	16	55.541	17	16	55.642
189						
190	17	16	57.527	17	16	57.628
190						
191	17	16	59.517	17	16	59.622
191						
192	17	17	1.525	17	17	1.626
192						
193	17	17	3.537	17	17	3.64
193						
194	17	17	5.541	17	17	5.641
194						
195	17	17	7.526	17	17	7.622
195						
196	17	17	9.527	17	17	9.626
196						
197	17	17	11.525	17	17	11.626
197						
198	17	17	13.521	17	17	13.631
198						
199	17	17	15.539	17	17	15.616
199						
200	17	17	17.538	17	17	17.646
200						
201	17	17	19.527	17	17	19.625
201						
202	17	17	21.519	17	17	21.621
202						
203	17	17	23.524	17	17	23.625
203						
204	17	17	25.528	17	17	25.628
204						
205	17	17	27.518	17	17	27.619
205						
206	17	17	29.522	17	17	29.622
206						
207	17	17	31.516	17	17	31.615
207						
208	17	17	33.522	17	17	33.624
208						
209	17	17	35.527	17	17	35.631
209						
210	17	17	37.535	17	17	37.636
210						
211	17	17	39.515	17	17	39.62
211						
212	17	17	41.535	17	17	41.641
212						
213	17	17	43.522	17	17	43.625
213						
214	17	17	45.548	17	17	45.632
214						
215	17	17	47.52	17	17	47.615
215						
216	17	17	49.516	17	17	49.617
216						
217	17	17	51.519	17	17	51.621
217						
218	17	17	53.533	17	17	53.633
218						
219	17	17	55.52	17	17	55.62
219						
220	17	17	57.527	17	17	57.627
220						
221	17	17	59.53	17	17	59.63
221						
222	17	18	1.537	17	18	1.642
222						
223	17	18	3.523	17	18	3.622
223						
224	17	18	5.53	17	18	5.629
224						
225	17	18	7.54	17	18	7.641
225						
226	17	18	9.541	17	18	9.614
226						
227	17	18	11.524	17	18	11.625
227						
228	17	18	13.526	17	18	13.633
228						
229	17	18	15.543	17	18	15.643
229						
230	17	18	17.524	17	18	17.623
230						
231	17	18	19.526	17	18	19.638
231						
232	17	18	21.536	17	18	21.637
232						
233	17	18	23.552	17	18	23.643
233						
234	17	18	25.516	17	18	25.618
234						
235	17	18	27.521	17	18	27.628
235						
236	17	18	29.536	17	18	29.642
236						
237	17	18	31.518	17	18	31.622
237						
238	17	18	33.531	17	18	33.634
238						
239	17	18	35.536	17	18	35.638
239						
240	17	18	37.516	17	18	37.617
240						
241	17	18	39.528	17	18	39.632
241						
242	17	18	41.533	17	18	41.633
242						
243	17	18	43.539	17	18	43.644
243						
244	17	18	45.518	17	18	45.62
244						
245	17	18	47.531	17	18	47.631
245						
246	17	18	49.536	17	18	49.636
246						
247	17	18	51.544	17	18	51.644
247						
248	17	18	53.545	17	18	53.644
248						
249	17	18	55.521	17	18	55.622
249						
250	17	18	57.527	17	18	57.626
250						
251	17	18	59.527	17	18	59.628
251						
252	17	19	1.543	17	19	1.644
252						
253	17	19	3.517	17	19	3.617
253						
254	17	19	5.519	17	19	5.621
254						
255	17	19	7.522	17	19	7.626
255						
256	17	19	9.523	17	19	9.625
256						
257	17	19	11.524	17	19	11.625
257						
258	17	19	13.529	17	19	13.629
258						
259	17	19	15.531	17	19	15.63
259						
260	17	19	17.543	17	19	17.616
260						
261	17	19	19.523	17	19	19.623
261						
262	17	19	21.546	17	19	21.621
262						
263	17	19	23.523	17	19	23.622
263						
264	17	19	25.525	17	19	25.625
264						
265	17	19	27.535	17	19	27.628
265						
266	17	19	29.53	17	19	29.63
266						
267	17	19	31.541	17	19	31.641
267						
268	17	19	33.518	17	19	33.617
268						
269	17	19	35.523	17	19	35.623
269						
270	17	19	37.515	17	19	37.618
270						
271	17	19	39.537	17	19	39.638
271						
272	17	19	41.517	17	19	41.617
272						
273	17	19	43.534	17	19	43.635
273						
274	17	19	45.538	17	19	45.616
274						
275	17	19	47.517	17	19	47.621
275						
276	17	19	49.513	17	19	49.618
276						
277	17	19	51.53	17	19	51.64
277						
278	17	19	53.515	17	19	53.617
278						
279	17	19	55.523	17	19	55.625
279						
280	17	19	57.532	17	19	57.632
280						
281	17	19	59.541	17	19	59.618
281						
282	17	20	1.529	17	20	1.63
282						
283	17	20	3.534	17	20	3.646
283						
284	17	20	5.516	17	20	5.625
284						
285	17	20	7.529	17	20	7.629
285						
286	17	20	9.542	17	20	9.626
286						
287	17	20	11.528	17	20	11.628
287						
288	17	20	13.529	17	20	13.629
288						
289	17	20	15.531	17	20	15.631
289						
290	17	20	17.533	17	20	17.636
290						
291	17	20	19.538	17	20	19.646
291						
292	17	20	21.532	17	20	21.636
292						
293	17	20	23.525	17	20	23.625
293						
294	17	20	25.53	17	20	25.628
294						
295	17	20	27.532	17	20	27.633
295						
296	17	20	29.522	17	20	29.62
296						
297	17	20	31.527	17	20	31.628
297						
298	17	20	33.543	17	20	33.642
298						
299	17	20	35.543	17	20	35.619
299						
300	17	20	37.524	17	20	37.624
300						
301	17	20	39.534	17	20	39.637
301						
302	17	20	41.536	17	20	41.635
302						
303	17	20	43.539	17	20	43.643
303						
304	17	20	45.518	17	20	45.622
304						
305	17	20	47.526	17	20	47.628
305						
306	17	20	49.539	17	20	49.615
306						
307	17	20	51.519	17	20	51.619
307						
308	17	20	53.521	17	20	53.622
308						
309	17	20	55.53	17	20	55.62
309						
310	17	20	57.521	17	20	57.621
310						
311	17	20	59.533	17	20	59.633
311						
312	17	21	1.52	17	21	1.62
312						
313	17	21	3.52	17	21	3.62
313						
314	17	21	5.532	17	21	5.632
314						
315	17	21	7.541	17	21	7.643
315						
316	17	21	9.513	17	21	9.614
316						
317	17	21	11.513	17	21	11.646
317						
318	17	21	13.516	17	21	13.616
318						
319	17	21	15.528	17	21	15.629
319						
320	17	21	17.531	17	21	17.638
320						
321	17	21	19.54	17	21	19.615
321						
322	17	21	21.514	17	21	21.614
322						
323	17	21	23.518	17	21	23.619
323						
324	17	21	25.522	17	21	25.622
324						
325	17	21	27.536	17	21	27.64
325						
326	17	21	29.527	17	21	29.626
326						
327	17	21	31.519	17	21	31.623
327						
328	17	21	33.546	17	21	33.62
328						
329	17	21	35.528	17	21	35.634
329						
330	17	21	37.542	17	21	37.653
330						
331	17	21	39.529	17	21	39.626
331						
332	17	21	41.537	17	21	41.641
332						
333	17	21	43.545	17	21	43.629
333						
334	17	21	45.537	17	21	45.641
334						
335	17	21	47.525	17	21	47.626
335						
336	17	21	49.535	17	21	49.636
336						
337	17	21	51.549	17	21	51.615
337						
338	17	21	53.521	17	21	53.623
338						
339	17	21	55.52	17	21	55.626
339						
340	17	21	57.526	17	21	57.625
340						
341	17	21	59.533	17	21	59.629
341						
342	17	22	1.54	17	22	1.614
342						
343	17	22	3.517	17	22	3.618
343						
344	17	22	5.534	17	22	5.632
344						
345	17	22	7.533	17	22	7.635
345						
346	17	22	9.53	17	22	9.63
346						
347	17	22	11.534	17	22	11.634
347						
348	17	22	13.525	17	22	13.626
348						
349	17	22	15.531	17	22	15.631
349						
350	17	22	17.533	17	22	17.634
350						
351	17	22	19.542	17	22	19.616
351						
352	17	22	21.52	17	22	21.624
352						
353	17	22	23.528	17	22	23.627
353						
354	17	22	25.544	17	22	25.624
354						
355	17	22	27.523	17	22	27.624
355						
356	17	22	29.54	17	22	29.64
356						
357	17	22	31.538	17	22	31.613
357						
358	17	22	33.524	17	22	33.625
358						
359	17	22	35.514	17	22	35.614
359						
360	17	22	37.527	17	22	37.628
360						
361	17	22	39.54	17	22	39.616
361						
362	17	22	41.522	17	22	41.621
362						
363	17	22	43.522	17	22	43.623
363						
364	17	22	45.523	17	22	45.624
364						
365	17	22	47.523	17	22	47.623
365						
366	17	22	49.527	17	22	49.628
366						
367	17	22	51.54	17	22	51.636
367						
368	17	22	53.538	17	22	53.638
368						
369	17	22	55.541	17	22	55.615
369						
370	17	22	57.521	17	22	57.621
370						
371	17	22	59.527	17	22	59.625
371						
372	17	23	1.536	17	23	1.636
372						
373	17	23	3.538	17	23	3.637
373						
374	17	23	5.519	17	23	5.619
374						
375	17	23	7.527	17	23	7.632
375						
376	17	23	9.534	17	23	9.634
376						
377	17	23	11.514	17	23	11.615
377						
378	17	23	13.533	17	23	13.636
378						
379	17	23	15.533	17	23	15.633
379						
380	17	23	17.539	17	23	17.648
380						
381	17	23	19.516	17	23	19.616
381						
382	17	23	21.519	17	23	21.618
382						
383	17	23	23.529	17	23	23.63
383						
384	17	23	25.529	17	23	25.629
384						
385	17	23	27.538	17	23	27.639
385						
386	17	23	29.547	17	23	29.646
386						
387	17	23	31.517	17	23	31.618
387						
388	17	23	33.531	17	23	33.632
388						
389	17	23	35.539	17	23	35.644
389						
390	17	23	37.513	17	23	37.613
390						
391	17	23	39.514	17	23	39.615
391						
392	17	23	41.514	17	23	41.614
392						
393	17	23	43.52	17	23	43.621
393						
394	17	23	45.528	17	23	45.628
394						
395	17	23	47.539	17	23	47.636
395						
396	17	23	49.518	17	23	49.618
396						
397	17	23	51.524	17	23	51.624
397						
398	17	23	53.529	17	23	53.627
398						
399	17	23	55.537	17	23	55.647
399						
400	17	23	57.539	17	23	57.637
400						
401	17	23	59.518	17	23	59.615
401						
402	17	24	1.527	17	24	1.627
402						
403	17	24	3.536	17	24	3.637
403						
404	17	24	5.536	17	24	5.632
404						
405	17	24	7.537	17	24	7.639
405						
406	17	24	9.525	17	24	9.621
406						
407	17	24	11.523	17	24	11.628
407						
408	17	24	13.535	17	24	13.634
408						
409	17	24	15.516	17	24	15.619
409						
410	17	24	17.517	17	24	17.617
410						
411	17	24	19.52	17	24	19.621
411						
412	17	24	21.525	17	24	21.622
412						
413	17	24	23.521	17	24	23.621
413						
414	17	24	25.53	17	24	25.629
414						
415	17	24	27.516	17	24	27.615
415						
416	17	24	29.516	17	24	29.617
416						
417	17	24	31.528	17	24	31.628
417						
418	17	24	33.534	17	24	33.635
418						
419	17	24	35.545	17	24	35.617
419						
420	17	24	37.518	17	24	37.618
420						
421	17	24	39.534	17	24	39.633
421						
422	17	24	41.518	17	24	41.621
422						
423	17	24	43.522	17	24	43.623
423						
424	17	24	45.524	17	24	45.627
424						
425	17	24	47.532	17	24	47.631
425						
426	17	24	49.545	17	24	49.644
426						
427	17	24	51.519	17	24	51.619
427						
428	17	24	53.547	17	24	53.615
428						
429	17	24	55.517	17	24	55.619
429						
430	17	24	57.527	17	24	57.63
430						
431	17	24	59.548	17	24	59.614
431						
432	17	25	1.52	17	25	1.622
432						
433	17	25	3.534	17	25	3.636
433						
434	17	25	5.543	17	25	5.643
434						
435	17	25	7.52	17	25	7.62
435						
436	17	25	9.529	17	25	9.628
436						
437	17	25	11.523	17	25	11.624
437						
438	17	25	13.531	17	25	13.631
438						
439	17	25	15.537	17	25	15.637
439						
440	17	25	17.538	17	25	17.64
440						
441	17	25	19.517	17	25	19.617
441						
442	17	25	21.522	17	25	21.624
442						
443	17	25	23.544	17	25	23.616
443						
444	17	25	25.52	17	25	25.621
444						
445	17	25	27.531	17	25	27.627
445						
446	17	25	29.524	17	25	29.622
446						
447	17	25	31.537	17	25	31.638
447						
448	17	25	33.517	17	25	33.617
448						
449	17	25	35.533	17	25	35.634
449						
450	17	25	37.514	17	25	37.616
450						
451	17	25	39.514	17	25	39.615
451						
452	17	25	41.517	17	25	41.62
452						
453	17	25	43.527	17	25	43.628
453						
454	17	25	45.534	17	25	45.646
454						
455	17	25	47.517	17	25	47.618
455						
456	17	25	49.521	17	25	49.618
456						
457	17	25	51.529	17	25	51.63
457						
458	17	25	53.543	17	25	53.616
458						
459	17	25	55.522	17	25	55.623
459						
460	17	25	57.529	17	25	57.628
460						
461	17	25	59.538	17	25	59.613
461						
462	17	26	1.515	17	26	1.614
462						
463	17	26	3.521	17	26	3.62
463						
464	17	26	5.524	17	26	5.624
464						
465	17	26	7.533	17	26	7.636
465						
466	17	26	9.542	17	26	9.643
466						
467	17	26	11.519	17	26	11.622
467						
468	17	26	13.541	17	26	13.622
468						
469	17	26	15.521	17	26	15.622
469						
470	17	26	17.521	17	26	17.623
470						
471	17	26	19.52	17	26	19.619
471						
472	17	26	21.523	17	26	21.624
472						
473	17	26	23.52	17	26	23.623
473						
474	17	26	25.523	17	26	25.624
474						
475	17	26	27.536	17	26	27.64
475						
476	17	26	29.541	17	26	29.641
476						
477	17	26	31.532	17	26	31.64
477						
478	17	26	33.515	17	26	33.617
478						
479	17	26	35.522	17	26	35.624
479						
480	17	26	37.53	17	26	37.631
480						
481	17	26	39.536	17	26	39.615
481						
482	17	26	41.519	17	26	41.618
482						
483	17	26	43.529	17	26	43.628
483						
484	17	26	45.533	17	26	45.632
484						
485	17	26	47.544	17	26	47.616
485						
486	17	26	49.528	17	26	49.632
486						
487	17	26	51.513	17	26	51.647
487						
488	17	26	53.518	17	26	53.618
488						
489	17	26	55.53	17	26	55.629
489						
490	17	26	57.533	17	26	57.634
490						
491	17	26	59.543	17	26	59.645
491						
492	17	27	1.544	17	27	1.645
492						
493	17	27	3.532	17	27	3.636
493						
494	17	27	5.55	17	27	5.631
494						
495	17	27	7.532	17	27	7.634
495						
496	17	27	9.519	17	27	9.641
496						
497	17	27	11.515	17	27	11.617
497						
498	17	27	13.535	17	27	13.638
498						
499	17	27	15.541	17	27	15.64
499						
500	17	27	17.534	17	27	17.62
500						
501	17	27	19.521	17	27	19.622
501						
502	17	27	21.523	17	27	21.624
502						
503	17	27	23.532	17	27	23.642
503						
504	17	27	25.519	17	27	25.623
504						
505	17	27	27.519	17	27	27.621
505						
506	17	27	29.525	17	27	29.625
506						
507	17	27	31.536	17	27	31.639
507						
508	17	27	33.548	17	27	33.619
508						
509	17	27	35.528	17	27	35.632
509						
510	17	27	37.533	17	27	37.633
510						
511	17	27	39.516	17	27	39.615
511						
512	17	27	41.522	17	27	41.623
512						
513	17	27	43.516	17	27	43.618
513						
514	17	27	45.519	17	27	45.622
514						
515	17	27	47.539	17	27	47.639
515						
516	17	27	49.515	17	27	49.614
516						
517	17	27	51.521	17	27	51.627
517						
518	17	27	53.54	17	27	53.615
518						
519	17	27	55.534	17	27	55.616
519						
520	17	27	57.527	17	27	57.629
520						
521	17	27	59.517	17	27	59.618
521						
522	17	28	1.534	17	28	1.64
522						
523	17	28	3.516	17	28	3.614
523						
524	17	28	5.517	17	28	5.617
524						
525	17	28	7.517	17	28	7.621
525						
526	17	28	9.544	17	28	9.644
526						
527	17	28	11.517	17	28	11.617
527						
528	17	28	13.521	17	28	13.622
528						
529	17	28	15.53	17	28	15.628
529						
530	17	28	17.537	17	28	17.639
530						
531	17	28	19.544	17	28	19.644
531						
532	17	28	21.557	17	28	21.625
532						
533	17	28	23.542	17	28	23.641
533						
534	17	28	25.526	17	28	25.631
534						
535	17	28	27.539	17	28	27.639
535						
536	17	28	29.516	17	28	29.619
536						
537	17	28	31.523	17	28	31.624
537						
538	17	28	33.547	17	28	33.621
538						
539	17	28	35.526	17	28	35.625
539						
540	17	28	37.531	17	28	37.633
540						
541	17	28	39.536	17	28	39.637
541						
542	17	28	41.538	17	28	41.637
542						
543	17	28	43.54	17	28	43.641
543						
544	17	28	45.515	17	28	45.616
544						
545	17	28	47.516	17	28	47.619
545						
546	17	28	49.522	17	28	49.623
546						
547	17	28	51.539	17	28	51.616
547						
548	17	28	53.514	17	28	53.614
548						
549	17	28	55.521	17	28	55.62
549						
550	17	28	57.52	17	28	57.621
550						
551	17	28	59.536	17	28	59.635
551						
552	17	29	1.529	17	29	1.629
552						
553	17	29	3.536	17	29	3.643
553						
554	17	29	5.52	17	29	5.625
554						
555	17	29	7.527	17	29	7.628
555						
556	17	29	9.532	17	29	9.633
556						
557	17	29	11.516	17	29	11.615
557						
558	17	29	13.523	17	29	13.626
558						
559	17	29	15.523	17	29	15.622
559						
560	17	29	17.521	17	29	17.621
560						
561	17	29	19.53	17	29	19.63
561						
562	17	29	21.539	17	29	21.614
562						
563	17	29	23.52	17	29	23.621
563						
564	17	29	25.537	17	29	25.638
564						
565	17	29	27.542	17	29	27.644
565						
566	17	29	29.514	17	29	29.648
566						
567	17	29	31.539	17	29	31.638
567						
568	17	29	33.543	17	29	33.615
568						
569	17	29	35.524	17	29	35.627
569						
570	17	29	37.515	17	29	37.619
570						
571	17	29	39.523	17	29	39.624
571						
572	17	29	41.535	17	29	41.642
572						
573	17	29	43.542	17	29	43.642
573						
574	17	29	45.519	17	29	45.62
574						
575	17	29	47.524	17	29	47.624
575						
576	17	29	49.521	17	29	49.621
576						
577	17	29	51.538	17	29	51.639
577						
578	17	29	53.548	17	29	53.614
578						
579	17	29	55.521	17	29	55.617
579						
580	17	29	57.529	17	29	57.637
580						
581	17	29	59.535	17	29	59.638
581						
582	17	30	1.517	17	30	1.618
582						
583	17	30	3.533	17	30	3.638
583						
584	17	30	5.516	17	30	5.62
584						
585	17	30	7.522	17	30	7.622
585						
586	17	30	9.521	17	30	9.622
586						
587	17	30	11.532	17	30	11.633
587						
588	17	30	13.538	17	30	13.642
588						
589	17	30	15.524	17	30	15.628
589						
590	17	30	17.538	17	30	17.635
590						
591	17	30	19.528	17	30	19.634
591						
592	17	30	21.534	17	30	21.636
592						
593	17	30	23.542	17	30	23.645
593						
594	17	30	25.516	17	30	25.616
594						
595	17	30	27.522	17	30	27.622
595						
596	17	30	29.513	17	30	29.645
596						
597	17	30	31.522	17	30	31.622
597						
598	17	30	33.528	17	30	33.628
598						
599	17	30	35.53	17	30	35.629
599						
600	17	30	37.531	17	30	37.635
600						
601	17	30	39.543	17	30	39.645
601						
602	17	30	41.525	17	30	41.625
602						
603	17	30	43.544	17	30	43.633
603						
604	17	30	45.54	17	30	45.64
604						
605	17	30	47.523	17	30	47.624
605						
606	17	30	49.536	17	30	49.639
606						
607	17	30	51.543	17	30	51.644
607						
608	17	30	53.519	17	30	53.62
608						
609	17	30	55.524	17	30	55.626
609						
610	17	30	57.526	17	30	57.628
610						
611	17	30	59.535	17	30	59.635
611						
612	17	31	1.514	17	31	1.62
612						
613	17	31	3.524	17	31	3.624
613						
614	17	31	5.521	17	31	5.622
614						
615	17	31	7.533	17	31	7.634
615						
616	17	31	9.516	17	31	9.616
616						
617	17	31	11.533	17	31	11.635
617						
618	17	31	13.538	17	31	13.641
618						
619	17	31	15.52	17	31	15.621
619						
620	17	31	17.515	17	31	17.614
620						
621	17	31	19.53	17	31	19.629
621						
622	17	31	21.53	17	31	21.631
622						
623	17	31	23.532	17	31	23.63
623						
624	17	31	25.533	17	31	25.641
624						
625	17	31	27.518	17	31	27.62
625						
626	17	31	29.518	17	31	29.618
626						
627	17	31	31.533	17	31	31.631
627						
628	17	31	33.538	17	31	33.637
628						
629	17	31	35.54	17	31	35.614
629						
630	17	31	37.52	17	31	37.621
630						
631	17	31	39.532	17	31	39.638
631						
632	17	31	41.514	17	31	41.614
632						
633	17	31	43.515	17	31	43.614
633						
634	17	31	45.547	17	31	45.624
634						
635	17	31	47.526	17	31	47.629
635						
636	17	31	49.53	17	31	49.632
636						
637	17	31	51.537	17	31	51.636
637						
638	17	31	53.517	17	31	53.618
638						
639	17	31	55.524	17	31	55.624
639						
640	17	31	57.542	17	31	57.645
640						
641	17	31	59.543	17	31	59.643
641						
642	17	32	1.525	17	32	1.627
642						
643	17	32	3.542	17	32	3.642
643						
644	17	32	5.521	17	32	5.621
644						
645	17	32	7.534	17	32	7.621
645						
646	17	32	9.542	17	32	9.618
646						
647	17	32	11.536	17	32	11.637
647						
648	17	32	13.516	17	32	13.646
648						
649	17	32	15.517	17	32	15.617
649						
650	17	32	17.522	17	32	17.622
650						
651	17	32	19.533	17	32	19.632
651						
652	17	32	21.538	17	32	21.646
652						
653	17	32	23.513	17	32	23.646
653						
654	17	32	25.515	17	32	25.615
654						
655	17	32	27.531	17	32	27.647
655						
656	17	32	29.522	17	32	29.626
656						
657	17	32	31.53	17	32	31.63
657						
658	17	32	33.544	17	32	33.643
658						
659	17	32	35.518	17	32	35.622
659						
660	17	32	37.534	17	32	37.635
660						
661	17	32	39.517	17	32	39.616
661						
662	17	32	41.525	17	32	41.627
662						
663	17	32	43.544	17	32	43.619
663						
664	17	32	45.522	17	32	45.625
664						
665	17	32	47.528	17	32	47.632
665						
666	17	32	49.537	17	32	49.639
666						
667	17	32	51.521	17	32	51.616
667						
668	17	32	53.526	17	32	53.628
668						
669	17	32	55.533	17	32	55.631
669						
670	17	32	57.54	17	32	57.641
670						
671	17	32	59.52	17	32	59.621
671						
672	17	33	1.533	17	33	1.636
672						
673	17	33	3.542	17	33	3.619
673						
674	17	33	5.52	17	33	5.621
674						
675	17	33	7.538	17	33	7.638
675						
676	17	33	9.543	17	33	9.62
676						
677	17	33	11.53	17	33	11.626
677						
678	17	33	13.536	17	33	13.636
678						
679	17	33	15.536	17	33	15.638
679						
680	17	33	17.518	17	33	17.619
680						
681	17	33	19.519	17	33	19.623
681						
682	17	33	21.523	17	33	21.623
682						
683	17	33	23.533	17	33	23.633
683						
684	17	33	25.522	17	33	25.626
684						
685	17	33	27.535	17	33	27.646
685						
686	17	33	29.528	17	33	29.631
686						
687	17	33	31.536	17	33	31.638
687						
688	17	33	33.516	17	33	33.617
688						
689	17	33	35.533	17	33	35.632
689						
690	17	33	37.536	17	33	37.636
690						
691	17	33	39.544	17	33	39.648
691						
692	17	33	41.517	17	33	41.615
692						
693	17	33	43.516	17	33	43.623
693						
694	17	33	45.523	17	33	45.623
694						
695	17	33	47.534	17	33	47.641
695						
696	17	33	49.518	17	33	49.624
696						
697	17	33	51.542	17	33	51.642
697						
698	17	33	53.522	17	33	53.625
698						
699	17	33	55.53	17	33	55.643
699						
700	17	33	57.547	17	33	57.614
700						
701	17	33	59.53	17	33	59.63
701						
702	17	34	1.532	17	34	1.632
702						
703	17	34	3.547	17	34	3.614
703						
704	17	34	5.526	17	34	5.626
704						
705	17	34	7.545	17	34	7.615
705						
706	17	34	9.531	17	34	9.629
706						
707	17	34	11.518	17	34	11.621
707						
708	17	34	13.522	17	34	13.622
708						
709	17	34	15.541	17	34	15.641
709						
710	17	34	17.52	17	34	17.619
710						
711	17	34	19.52	17	34	19.618
711						
712	17	34	21.521	17	34	21.621
712						
713	17	34	23.537	17	34	23.638
713						
714	17	34	25.538	17	34	25.638
714						
715	17	34	27.525	17	34	27.62
715						
716	17	34	29.523	17	34	29.627
716						
717	17	34	31.534	17	34	31.645
717						
718	17	34	33.544	17	34	33.615
718						
719	17	34	35.528	17	34	35.626
719						
720	17	34	37.533	17	34	37.633
720						
721	17	34	39.531	17	34	39.63
721						
722	17	34	41.533	17	34	41.637
722						
723	17	34	43.546	17	34	43.614
723						
724	17	34	45.518	17	34	45.619
724						
725	17	34	47.518	17	34	47.619
725						
726	17	34	49.527	17	34	49.63
726						
727	17	34	51.534	17	34	51.634
727						
728	17	34	53.544	17	34	53.646
728						
729	17	34	55.523	17	34	55.617
729						
730	17	34	57.522	17	34	57.623
730						
731	17	34	59.523	17	34	59.622
731						
732	17	35	1.531	17	35	1.631
732						
733	17	35	3.539	17	35	3.638
733						
734	17	35	5.539	17	35	5.615
734						
735	17	35	7.528	17	35	7.628
735						
736	17	35	9.518	17	35	9.617
736						
737	17	35	11.528	17	35	11.641
737						
738	17	35	13.533	17	35	13.639
738						
739	17	35	15.541	17	35	15.641
739						
740	17	35	17.544	17	35	17.613
740						
741	17	35	19.521	17	35	19.622
741						
742	17	35	21.528	17	35	21.628
742						
743	17	35	23.521	17	35	23.622
743						
744	17	35	25.527	17	35	25.626
744						
745	17	35	27.537	17	35	27.642
745						
746	17	35	29.516	17	35	29.617
746						
747	17	35	31.521	17	35	31.621
747						
748	17	35	33.523	17	35	33.624
748						
749	17	35	35.534	17	35	35.634
749						
750	17	35	37.537	17	35	37.638
750						
751	17	35	39.522	17	35	39.622
751						
752	17	35	41.54	17	35	41.614
752						
753	17	35	43.534	17	35	43.633
753						
754	17	35	45.542	17	35	45.64
754						
755	17	35	47.517	17	35	47.621
755						
756	17	35	49.52	17	35	49.62
756						
757	17	35	51.533	17	35	51.634
757						
758	17	35	53.536	17	35	53.636
758						
759	17	35	55.516	17	35	55.617
759						
760	17	35	57.529	17	35	57.63
760						
761	17	35	59.533	17	35	59.636
761						
762	17	36	1.539	17	36	1.643
762						
763	17	36	3.518	17	36	3.618
763						
764	17	36	5.523	17	36	5.623
764						
765	17	36	7.525	17	36	7.625
765						
766	17	36	9.532	17	36	9.631
766						
767	17	36	11.54	17	36	11.639
767						
768	17	36	13.541	17	36	13.644
768						
769	17	36	15.516	17	36	15.621
769						
770	17	36	17.529	17	36	17.627
770						
771	17	36	19.544	17	36	19.627
771						
772	17	36	21.541	17	36	21.638
772						
773	17	36	23.545	17	36	23.645
773						
774	17	36	25.525	17	36	25.624
774						
775	17	36	27.527	17	36	27.639
775						
776	17	36	29.527	17	36	29.627
776						
777	17	36	31.527	17	36	31.63
777						
778	17	36	33.524	17	36	33.626
778						
779	17	36	35.535	17	36	35.638
779						
780	17	36	37.546	17	36	37.643
780						
781	17	36	39.522	17	36	39.623
781						
782	17	36	41.535	17	36	41.635
782						
783	17	36	43.54	17	36	43.64
783						
784	17	36	45.516	17	36	45.616
784						
785	17	36	47.519	17	36	47.619
785						
786	17	36	49.519	17	36	49.621
786						
787	17	36	51.521	17	36	51.621
787						
788	17	36	53.535	17	36	53.639
788						
789	17	36	55.52	17	36	55.621
789						
790	17	36	57.532	17	36	57.632
790						
791	17	36	59.515	17	36	59.649
791						
792	17	37	1.517	17	37	1.617
792						
793	17	37	3.537	17	37	3.614
793						
794	17	37	5.529	17	37	5.63
794						
795	17	37	7.538	17	37	7.619
795						
796	17	37	9.528	17	37	9.629
796						
797	17	37	11.533	17	37	11.639
797						
798	17	37	13.545	17	37	13.617
798						
799	17	37	15.523	17	37	15.622
799						
800	17	37	17.531	17	37	17.638
800						
801	17	37	19.514	17	37	19.615
801						
802	17	37	21.528	17	37	21.628
802						
803	17	37	23.531	17	37	23.63
803						
804	17	37	25.541	17	37	25.628
804						
805	17	37	27.528	17	37	27.63
805						
806	17	37	29.524	17	37	29.624
806						
807	17	37	31.532	17	37	31.635
807						
808	17	37	33.536	17	37	33.641
808						
809	17	37	35.526	17	37	35.627
809						
810	17	37	37.53	17	37	37.636
810						
811	17	37	39.542	17	37	39.642
811						
812	17	37	41.534	17	37	41.635
812						
813	17	37	43.542	17	37	43.641
813						
814	17	37	45.52	17	37	45.62
814						
815	17	37	47.525	17	37	47.633
815						
816	17	37	49.522	17	37	49.624
816						
817	17	37	51.532	17	37	51.632
817						
818	17	37	53.548	17	37	53.647
818						
819	17	37	55.531	17	37	55.629
819						
820	17	37	57.534	17	37	57.637
820						
821	17	37	59.537	17	37	59.634
821						
822	17	38	1.538	17	38	1.638
822						
823	17	38	3.547	17	38	3.614
823						
824	17	38	5.525	17	38	5.623
824						
825	17	38	7.52	17	38	7.62
825						
826	17	38	9.529	17	38	9.63
826						
827	17	38	11.536	17	38	11.635
827						
828	17	38	13.546	17	38	13.646
828						
829	17	38	15.524	17	38	15.624
829						
830	17	38	17.545	17	38	17.644
830						
831	17	38	19.529	17	38	19.631
831						
832	17	38	21.53	17	38	21.63
832						
833	17	38	23.538	17	38	23.641
833						
834	17	38	25.515	17	38	25.615
834						
835	17	38	27.529	17	38	27.627
835						
836	17	38	29.54	17	38	29.639
836						
837	17	38	31.547	17	38	31.616
837						
838	17	38	33.523	17	38	33.624
838						
839	17	38	35.541	17	38	35.64
839						
840	17	38	37.522	17	38	37.622
840						
841	17	38	39.528	17	38	39.629
841						
842	17	38	41.532	17	38	41.641
842						
843	17	38	43.544	17	38	43.65
843						
844	17	38	45.517	17	38	45.623
844						
845	17	38	47.526	17	38	47.626
845						
846	17	38	49.539	17	38	49.639
846						
847	17	38	51.551	17	38	51.617
847						
848	17	38	53.524	17	38	53.628
848						
849	17	38	55.529	17	38	55.63
849						
850	17	38	57.533	17	38	57.635
850						
851	17	38	59.536	17	38	59.636
851						
852	17	39	1.539	17	39	1.642
852						
853	17	39	3.518	17	39	3.631
853						
854	17	39	5.524	17	39	5.625
854						
855	17	39	7.519	17	39	7.622
855						
856	17	39	9.526	17	39	9.631
856						
857	17	39	11.532	17	39	11.628
857						
858	17	39	13.533	17	39	13.639
858						
859	17	39	15.517	17	39	15.617
859						
860	17	39	17.519	17	39	17.619
860						
861	17	39	19.519	17	39	19.619
861						
862	17	39	21.529	17	39	21.629
862						
863	17	39	23.529	17	39	23.63
863						
864	17	39	25.534	17	39	25.634
864						
865	17	39	27.514	17	39	27.646
865						
866	17	39	29.52	17	39	29.628
866						
867	17	39	31.539	17	39	31.639
867						
868	17	39	33.545	17	39	33.646
868						
869	17	39	35.522	17	39	35.622
869						
870	17	39	37.522	17	39	37.623
870						
871	17	39	39.534	17	39	39.64
871						
872	17	39	41.514	17	39	41.614
872						
873	17	39	43.52	17	39	43.62
873						
874	17	39	45.526	17	39	45.627
874						
875	17	39	47.522	17	39	47.624
875						
876	17	39	49.526	17	39	49.625
876						
877	17	39	51.526	17	39	51.625
877						
878	17	39	53.539	17	39	53.639
878						
879	17	39	55.541	17	39	55.641
879						
880	17	39	57.535	17	39	57.645
880						
881	17	39	59.523	17	39	59.623
881						
882	17	40	1.532	17	40	1.632
882						
883	17	40	3.515	17	40	3.626
883						
884	17	40	5.538	17	40	5.641
884						
885	17	40	7.533	17	40	7.634
885						
886	17	40	9.538	17	40	9.64
886						
887	17	40	11.516	17	40	11.619
887						
888	17	40	13.522	17	40	13.621
888						
889	17	40	15.53	17	40	15.647
889						
890	17	40	17.527	17	40	17.625
890						
891	17	40	19.516	17	40	19.617
891						
892	17	40	21.527	17	40	21.629
892						
893	17	40	23.532	17	40	23.635
893						
894	17	40	25.521	17	40	25.619
894						
895	17	40	27.519	17	40	27.619
895						
896	17	40	29.528	17	40	29.626
896						
897	17	40	31.531	17	40	31.631
897						
898	17	40	33.534	17	40	33.641
898						
899	17	40	35.525	17	40	35.628
899						
900	17	40	37.535	17	40	37.636
900						
901	17	40	39.538	17	40	39.64
901						
902	17	40	41.516	17	40	41.615
902						
903	17	40	43.52	17	40	43.618
903						
904	17	40	45.522	17	40	45.622
904						
905	17	40	47.54	17	40	47.646
905						
906	17	40	49.521	17	40	49.617
906						
907	17	40	51.54	17	40	51.643
907						
908	17	40	53.514	17	40	53.619
908						
909	17	40	55.523	17	40	55.624
909						
910	17	40	57.523	17	40	57.623
910						
911	17	40	59.522	17	40	59.62
911						
912	17	41	1.521	17	41	1.622
912						
913	17	41	3.523	17	41	3.624
913						
914	17	41	5.542	17	41	5.645
914						
915	17	41	7.516	17	41	7.617
915						
916	17	41	9.522	17	41	9.624
916						
917	17	41	11.535	17	41	11.616
917						
918	17	41	13.518	17	41	13.617
918						
919	17	41	15.534	17	41	15.636
919						
920	17	41	17.54	17	41	17.644
920						
921	17	41	19.513	17	41	19.615
921						
922	17	41	21.518	17	41	21.621
922						
923	17	41	23.529	17	41	23.631
923						
924	17	41	25.533	17	41	25.636
924						
925	17	41	27.521	17	41	27.621
925						
926	17	41	29.532	17	41	29.633
926						
927	17	41	31.533	17	41	31.633
927						
928	17	41	33.531	17	41	33.632
928						
929	17	41	35.546	17	41	35.646
929						
930	17	41	37.525	17	41	37.625
930						
931	17	41	39.536	17	41	39.647
931						
932	17	41	41.517	17	41	41.617
932						
933	17	41	43.524	17	41	43.627
933						
934	17	41	45.533	17	41	45.634
934						
935	17	41	47.533	17	41	47.633
935						
936	17	41	49.541	17	41	49.644
936						
937	17	41	51.515	17	41	51.614
937						
938	17	41	53.523	17	41	53.623
938						
939	17	41	55.534	17	41	55.633
939						
940	17	41	57.537	17	41	57.636
940						
941	17	41	59.54	17	41	59.641
941						
942	17	42	1.537	17	42	1.647
942						
943	17	42	3.522	17	42	3.623
943						
944	17	42	5.523	17	42	5.627
944						
945	17	42	7.539	17	42	7.64
945						
946	17	42	9.526	17	42	9.627
946						
947	17	42	11.542	17	42	11.638
947						
948	17	42	13.543	17	42	13.643
948						
949	17	42	15.518	17	42	15.619
949						
950	17	42	17.52	17	42	17.621
950						
951	17	42	19.534	17	42	19.636
951						
952	17	42	21.535	17	42	21.635
952						
953	17	42	23.519	17	42	23.62
953						
954	17	42	25.522	17	42	25.622
954						
955	17	42	27.537	17	42	27.642
955						
956	17	42	29.545	17	42	29.647
956						
957	17	42	31.516	17	42	31.614
957						
958	17	42	33.531	17	42	33.631
958						
959	17	42	35.537	17	42	35.639
959						
960	17	42	37.515	17	42	37.616
960						
961	17	42	39.526	17	42	39.628
961						
962	17	42	41.53	17	42	41.63
962						
963	17	42	43.514	17	42	43.618
963						
964	17	42	45.525	17	42	45.628
964						
965	17	42	47.513	17	42	47.614
965						
966	17	42	49.518	17	42	49.621
966						
967	17	42	51.525	17	42	51.624
967						
968	17	42	53.527	17	42	53.629
968						
969	17	42	55.54	17	42	55.641
969						
970	17	42	57.544	17	42	57.646
970						
971	17	42	59.522	17	42	59.625
971						
972	17	43	1.514	17	43	1.646
972						
973	17	43	3.521	17	43	3.622
973						
974	17	43	5.53	17	43	5.63
974						
975	17	43	7.53	17	43	7.629
975						
976	17	43	9.54	17	43	9.64
976						
977	17	43	11.514	17	43	11.621
977						
978	17	43	13.539	17	43	13.638
978						
979	17	43	15.52	17	43	15.618
979						
980	17	43	17.537	17	43	17.639
980						
981	17	43	19.522	17	43	19.623
981						
982	17	43	21.531	17	43	21.635
982						
983	17	43	23.541	17	43	23.642
983						
984	17	43	25.521	17	43	25.622
984						
985	17	43	27.538	17	43	27.648
985						
986	17	43	29.526	17	43	29.624
986						
987	17	43	31.533	17	43	31.644
987						
988	17	43	33.524	17	43	33.619
988						
989	17	43	35.527	17	43	35.625
989						
990	17	43	37.536	17	43	37.637
990						
991	17	43	39.52	17	43	39.62
991						
992	17	43	41.531	17	43	41.632
992						
993	17	43	43.539	17	43	43.639
993						
994	17	43	45.514	17	43	45.647
994						
995	17	43	47.514	17	43	47.647
995						
996	17	43	49.519	17	43	49.619
996						
997	17	43	51.538	17	43	51.642
997						
998	17	43	53.518	17	43	53.619
998						
999	17	43	55.529	17	43	55.627
999						
1000	17	43	57.533	17	43	57.639
1000						
1001	17	43	59.532	17	43	59.633
1001						
1002	17	44	1.542	17	44	1.642
1002						
1003	17	44	3.522	17	44	3.62
1003						
1004	17	44	5.522	17	44	5.623
1004						
1005	17	44	7.545	17	44	7.645
1005						
1006	17	44	9.519	17	44	9.62
1006						
1007	17	44	11.522	17	44	11.623
1007						
1008	17	44	13.536	17	44	13.637
1008						
1009	17	44	15.513	17	44	15.614
1009						
1010	17	44	17.524	17	44	17.625
1010						
1011	17	44	19.537	17	44	19.638
1011						
1012	17	44	21.543	17	44	21.643
1012						
1013	17	44	23.518	17	44	23.622
1013						
1014	17	44	25.533	17	44	25.635
1014						
1015	17	44	27.542	17	44	27.614
1015						
1016	17	44	29.529	17	44	29.641
1016						
1017	17	44	31.515	17	44	31.616
1017						
1018	17	44	33.533	17	44	33.629
1018						
1019	17	44	35.516	17	44	35.616
1019						
1020	17	44	37.526	17	44	37.625
1020						
1021	17	44	39.54	17	44	39.641
1021						
1022	17	44	41.514	17	44	41.616
1022						
1023	17	44	43.524	17	44	43.623
1023						
1024	17	44	45.516	17	44	45.614
1024						
1025	17	44	47.524	17	44	47.629
1025						
1026	17	44	49.533	17	44	49.633
1026						
1027	17	44	51.536	17	44	51.637
1027						
1028	17	44	53.543	17	44	53.646
1028						
1029	17	44	55.519	17	44	55.636
1029						
1030	17	44	57.534	17	44	57.636
1030						
1031	17	44	59.521	17	44	59.623
1031						
1032	17	45	1.528	17	45	1.629
1032						
1033	17	45	3.519	17	45	3.616
1033						
1034	17	45	5.53	17	45	5.633
1034						
1035	17	45	7.539	17	45	7.64
1035						
1036	17	45	9.544	17	45	9.645
1036						
1037	17	45	11.516	17	45	11.62
1037						
1038	17	45	13.521	17	45	13.619
1038						
1039	17	45	15.522	17	45	15.621
1039						
1040	17	45	17.526	17	45	17.628
1040						
1041	17	45	19.537	17	45	19.637
1041						
1042	17	45	21.539	17	45	21.638
1042						
1043	17	45	23.54	17	45	23.643
1043						
1044	17	45	25.541	17	45	25.641
1044						
1045	17	45	27.542	17	45	27.641
1045						
1046	17	45	29.544	17	45	29.643
1046						
1047	17	45	31.518	17	45	31.619
1047						
1048	17	45	33.524	17	45	33.623
1048						
1049	17	45	35.532	17	45	35.638
1049						
1050	17	45	37.522	17	45	37.622
1050						
1051	17	45	39.522	17	45	39.622
1051						
1052	17	45	41.516	17	45	41.62
1052						
1053	17	45	43.519	17	45	43.621
1053						
1054	17	45	45.534	17	45	45.635
1054						
1055	17	45	47.517	17	45	47.618
1055						
1056	17	45	49.525	17	45	49.626
1056						
1057	17	45	51.515	17	45	51.613
1057						
1058	17	45	53.517	17	45	53.618
1058						
1059	17	45	55.535	17	45	55.615
1059						
1060	17	45	57.523	17	45	57.622
1060						
1061	17	45	59.531	17	45	59.634
1061						
1062	17	46	1.53	17	46	1.63
1062						
1063	17	46	3.538	17	46	3.636
1063						
1064	17	46	5.519	17	46	5.62
1064						
1065	17	46	7.532	17	46	7.632
1065						
1066	17	46	9.531	17	46	9.633
1066						
1067	17	46	11.545	17	46	11.645
1067						
1068	17	46	13.524	17	46	13.628
1068						
1069	17	46	15.541	17	46	15.641
1069						
1070	17	46	17.514	17	46	17.615
1070						
1071	17	46	19.517	17	46	19.618
1071						
1072	17	46	21.523	17	46	21.623
1072						
1073	17	46	23.522	17	46	23.624
1073						
1074	17	46	25.528	17	46	25.628
1074						
1075	17	46	27.537	17	46	27.642
1075						
1076	17	46	29.532	17	46	29.632
1076						
1077	17	46	31.542	17	46	31.642
1077						
1078	17	46	33.523	17	46	33.622
1078						
1079	17	46	35.524	17	46	35.625
1079						
1080	17	46	37.543	17	46	37.643
1080						
1081	17	46	39.522	17	46	39.623
1081						
1082	17	46	41.531	17	46	41.637
1082						
1083	17	46	43.543	17	46	43.638
1083						
1084	17	46	45.545	17	46	45.643
1084						
1085	17	46	47.521	17	46	47.622
1085						
1086	17	46	49.538	17	46	49.64
1086						
1087	17	46	51.519	17	46	51.62
1087						
1088	17	46	53.533	17	46	53.635
1088						
1089	17	46	55.54	17	46	55.64
1089						
1090	17	46	57.527	17	46	57.634
1090						
1091	17	46	59.539	17	46	59.64
1091						
1092	17	47	1.53	17	47	1.624
1092						
1093	17	47	3.532	17	47	3.629
1093						
1094	17	47	5.537	17	47	5.639
1094						
1095	17	47	7.542	17	47	7.642
1095						
1096	17	47	9.515	17	47	9.614
1096						
1097	17	47	11.521	17	47	11.622
1097						
1098	17	47	13.523	17	47	13.621
1098						
1099	17	47	15.52	17	47	15.622
1099						
1100	17	47	17.541	17	47	17.642
1100						
1101	17	47	19.524	17	47	19.625
1101						
1102	17	47	21.534	17	47	21.635
1102						
1103	17	47	23.54	17	47	23.642
1103						
1104	17	47	25.522	17	47	25.623
1104						
1105	17	47	27.523	17	47	27.624
1105						
1106	17	47	29.525	17	47	29.625
1106						
1107	17	47	31.541	17	47	31.642
1107						
1108	17	47	33.545	17	47	33.646
1108						
1109	17	47	35.522	17	47	35.622
1109						
1110	17	47	37.529	17	47	37.636
1110						
1111	17	47	39.537	17	47	39.635
1111						
1112	17	47	41.524	17	47	41.624
1112						
1113	17	47	43.523	17	47	43.624
1113						
1114	17	47	45.539	17	47	45.639
1114						
1115	17	47	47.541	17	47	47.642
1115						
1116	17	47	49.523	17	47	49.624
1116						
1117	17	47	51.536	17	47	51.643
1117						
1118	17	47	53.532	17	47	53.625
1118						
1119	17	47	55.518	17	47	55.623
1119						
1120	17	47	57.527	17	47	57.615
1120						
1121	17	47	59.516	17	47	59.643
1121						
1122	17	48	1.527	17	48	1.631
1122						
1123	17	48	3.538	17	48	3.638
1123						
1124	17	48	5.541	17	48	5.646
1124						
1125	17	48	7.518	17	48	7.618
1125						
1126	17	48	9.522	17	48	9.621
1126						
1127	17	48	11.532	17	48	11.631
1127						
1128	17	48	13.516	17	48	13.613
1128						
1129	17	48	15.521	17	48	15.621
1129						
1130	17	48	17.527	17	48	17.63
1130						
1131	17	48	19.535	17	48	19.636
1131						
1132	17	48	21.537	17	48	21.639
1132						
1133	17	48	23.528	17	48	23.626
1133						
1134	17	48	25.53	17	48	25.631
1134						
1135	17	48	27.535	17	48	27.635
1135						
1136	17	48	29.535	17	48	29.634
1136						
1137	17	48	31.517	17	48	31.613
1137						
1138	17	48	33.517	17	48	33.615
1138						
1139	17	48	35.517	17	48	35.62
1139						
1140	17	48	37.529	17	48	37.63
1140						
1141	17	48	39.542	17	48	39.643
1141						
1142	17	48	41.521	17	48	41.621
1142						
1143	17	48	43.522	17	48	43.624
1143						
1144	17	48	45.537	17	48	45.637
1144						
1145	17	48	47.549	17	48	47.645
1145						
1146	17	48	49.534	17	48	49.637
1146						
1147	17	48	51.545	17	48	51.65
1147						
1148	17	48	53.535	17	48	53.641
1148						
1149	17	48	55.539	17	48	55.64
1149						
1150	17	48	57.518	17	48	57.621
1150						
1151	17	48	59.52	17	48	59.62
1151						
1152	17	49	1.539	17	49	1.648
1152						
1153	17	49	3.527	17	49	3.627
1153						
1154	17	49	5.539	17	49	5.639
1154						
1155	17	49	7.516	17	49	7.645
1155						
1156	17	49	9.52	17	49	9.624
1156						
1157	17	49	11.535	17	49	11.635
1157						
1158	17	49	13.539	17	49	13.639
1158						
1159	17	49	15.541	17	49	15.642
1159						
1160	17	49	17.526	17	49	17.624
1160						
1161	17	49	19.533	17	49	19.635
1161						
1162	17	49	21.515	17	49	21.616
1162						
1163	17	49	23.519	17	49	23.617
1163						
1164	17	49	25.527	17	49	25.629
1164						
1165	17	49	27.534	17	49	27.634
1165						
1166	17	49	29.536	17	49	29.636
1166						
1167	17	49	31.543	17	49	31.614
1167						
1168	17	49	33.519	17	49	33.619
1168						
1169	17	49	35.536	17	49	35.635
1169						
1170	17	49	37.545	17	49	37.645
1170						
1171	17	49	39.513	17	49	39.62
1171						
1172	17	49	41.534	17	49	41.634
1172						
1173	17	49	43.543	17	49	43.64
1173						
1174	17	49	45.526	17	49	45.628
1174						
1175	17	49	47.529	17	49	47.628
1175						
1176	17	49	49.53	17	49	49.633
1176						
1177	17	49	51.538	17	49	51.637
1177						
1178	17	49	53.513	17	49	53.614
1178						
1179	17	49	55.522	17	49	55.625
1179						
1180	17	49	57.529	17	49	57.629
1180						
1181	17	49	59.535	17	49	59.632
1181						
1182	17	50	1.546	17	50	1.623
1182						
1183	17	50	3.522	17	50	3.624
1183						
1184	17	50	5.518	17	50	5.619
1184						
1185	17	50	7.535	17	50	7.633
1185						
1186	17	50	9.518	17	50	9.619
1186						
1187	17	50	11.536	17	50	11.639
1187						
1188	17	50	13.524	17	50	13.624
1188						
1189	17	50	15.516	17	50	15.623
1189						
1190	17	50	17.536	17	50	17.637
1190						
1191	17	50	19.539	17	50	19.639
1191						
1192	17	50	21.524	17	50	21.623
1192						
1193	17	50	23.528	17	50	23.63
1193						
1194	17	50	25.518	17	50	25.618
1194						
1195	17	50	27.518	17	50	27.629
1195						
1196	17	50	29.531	17	50	29.631
1196						
1197	17	50	31.532	17	50	31.633
1197						
1198	17	50	33.532	17	50	33.632
1198						
1199	17	50	35.516	17	50	35.619
1199						
1200	17	50	37.52	17	50	37.62
1200						
1201	17	50	39.519	17	50	39.63
1201						
1202	17	50	41.532	17	50	41.632
1202						
1203	17	50	43.535	17	50	43.635
1203						
1204	17	50	45.54	17	50	45.642
1204						
1205	17	50	47.534	17	50	47.638
1205						
1206	17	50	49.514	17	50	49.615
1206						
1207	17	50	51.517	17	50	51.619
1207						
1208	17	50	53.528	17	50	53.628
1208						
1209	17	50	55.545	17	50	55.645
1209						
1210	17	50	57.52	17	50	57.622
1210						
1211	17	50	59.537	17	50	59.637
1211						
1212	17	51	1.537	17	51	1.637
1212						
1213	17	51	3.538	17	51	3.643
1213						
1214	17	51	5.526	17	51	5.631
1214						
1215	17	51	7.536	17	51	7.637
1215						
1216	17	51	9.544	17	51	9.635
1216						
1217	17	51	11.54	17	51	11.638
1217						
1218	17	51	13.54	17	51	13.64
1218						
1219	17	51	15.527	17	51	15.628
1219						
1220	17	51	17.543	17	51	17.621
1220						
1221	17	51	19.517	17	51	19.633
1221						
1222	17	51	21.533	17	51	21.634
1222						
1223	17	51	23.534	17	51	23.636
1223						
1224	17	51	25.541	17	51	25.617
1224						
1225	17	51	27.52	17	51	27.624
1225						
1226	17	51	29.542	17	51	29.619
1226						
1227	17	51	31.519	17	51	31.63
1227						
1228	17	51	33.531	17	51	33.632
1228						
1229	17	51	35.537	17	51	35.638
1229						
1230	17	51	37.52	17	51	37.62
1230						
1231	17	51	39.519	17	51	39.629
1231						
1232	17	51	41.516	17	51	41.621
1232						
1233	17	51	43.534	17	51	43.636
1233						
1234	17	51	45.515	17	51	45.615
1234						
1235	17	51	47.515	17	51	47.623
1235						
1236	17	51	49.533	17	51	49.636
1236						
1237	17	51	51.516	17	51	51.638
1237						
1238	17	51	53.532	17	51	53.632
1238						
1239	17	51	55.535	17	51	55.638
1239						
1240	17	51	57.522	17	51	57.628
1240						
1241	17	51	59.535	17	51	59.636
1241						
1242	17	52	1.531	17	52	1.63
1242						
1243	17	52	3.533	17	52	3.636
1243						
1244	17	52	5.538	17	52	5.641
1244						
1245	17	52	7.514	17	52	7.614
1245						
1246	17	52	9.522	17	52	9.622
1246						
1247	17	52	11.524	17	52	11.624
1247						
1248	17	52	13.529	17	52	13.628
1248						
1249	17	52	15.54	17	52	15.638
1249						
1250	17	52	17.542	17	52	17.641
1250						
1251	17	52	19.522	17	52	19.622
1251						
1252	17	52	21.526	17	52	21.626
1252						
1253	17	52	23.52	17	52	23.625
1253						
1254	17	52	25.539	17	52	25.639
1254						
1255	17	52	27.521	17	52	27.622
1255						
1256	17	52	29.53	17	52	29.633
1256						
1257	17	52	31.54	17	52	31.642
1257						
1258	17	52	33.519	17	52	33.618
1258						
1259	17	52	35.534	17	52	35.635
1259						
1260	17	52	37.519	17	52	37.621
1260						
1261	17	52	39.533	17	52	39.634
1261						
1262	17	52	41.538	17	52	41.637
1262						
1263	17	52	43.515	17	52	43.616
1263						
1264	17	52	45.52	17	52	45.619
1264						
1265	17	52	47.532	17	52	47.636
1265						
1266	17	52	49.521	17	52	49.622
1266						
1267	17	52	51.53	17	52	51.629
1267						
1268	17	52	53.532	17	52	53.63
1268						
1269	17	52	55.54	17	52	55.64
1269						
1270	17	52	57.513	17	52	57.621
1270						
1271	17	52	59.529	17	52	59.63
1271						
1272	17	53	1.541	17	53	1.643
1272						
1273	17	53	3.541	17	53	3.614
1273						
1274	17	53	5.516	17	53	5.618
1274						
1275	17	53	7.524	17	53	7.624
1275						
1276	17	53	9.53	17	53	9.629
1276						
1277	17	53	11.537	17	53	11.637
1277						
1278	17	53	13.513	17	53	13.622
1278						
1279	17	53	15.525	17	53	15.628
1279						
1280	17	53	17.532	17	53	17.633
1280						
1281	17	53	19.54	17	53	19.639
1281						
1282	17	53	21.533	17	53	21.631
1282						
1283	17	53	23.539	17	53	23.638
1283						
1284	17	53	25.545	17	53	25.623
1284						
1285	17	53	27.524	17	53	27.624
1285						
1286	17	53	29.529	17	53	29.629
1286						
1287	17	53	31.54	17	53	31.64
1287						
1288	17	53	33.516	17	53	33.621
1288						
1289	17	53	35.526	17	53	35.629
1289						
1290	17	53	37.553	17	53	37.622
1290						
1291	17	53	39.533	17	53	39.632
1291						
1292	17	53	41.537	17	53	41.639
1292						
1293	17	53	43.522	17	53	43.624
1293						
1294	17	53	45.534	17	53	45.635
1294						
1295	17	53	47.537	17	53	47.638
1295						
1296	17	53	49.516	17	53	49.623
1296						
1297	17	53	51.538	17	53	51.639
1297						
1298	17	53	53.54	17	53	53.639
1298						
1299	17	53	55.536	17	53	55.638
1299						
1300	17	53	57.515	17	53	57.615
1300						
1301	17	53	59.517	17	53	59.616
1301						
1302	17	54	1.528	17	54	1.632
1302						
1303	17	54	3.535	17	54	3.636
1303						
1304	17	54	5.54	17	54	5.637
1304						
1305	17	54	7.514	17	54	7.616
1305						
1306	17	54	9.523	17	54	9.623
1306						
1307	17	54	11.534	17	54	11.633
1307						
1308	17	54	13.533	17	54	13.633
1308						
1309	17	54	15.534	17	54	15.632
1309						
1310	17	54	17.536	17	54	17.635
1310						
1311	17	54	19.544	17	54	19.644
1311						
1312	17	54	21.52	17	54	21.636
1312						
1313	17	54	23.538	17	54	23.638
1313						
1314	17	54	25.513	17	54	25.614
1314						
1315	17	54	27.52	17	54	27.624
1315						
1316	17	54	29.521	17	54	29.626
1316						
1317	17	54	31.537	17	54	31.637
1317						
1318	17	54	33.545	17	54	33.621
1318						
1319	17	54	35.527	17	54	35.627
1319						
1320	17	54	37.517	17	54	37.637
1320						
1321	17	54	39.538	17	54	39.638
1321						
1322	17	54	41.52	17	54	41.619
1322						
1323	17	54	43.527	17	54	43.625
1323						
1324	17	54	45.542	17	54	45.62
1324						
1325	17	54	47.532	17	54	47.643
1325						
1326	17	54	49.517	17	54	49.619
1326						
1327	17	54	51.526	17	54	51.626
1327						
1328	17	54	53.539	17	54	53.639
1328						
1329	17	54	55.521	17	54	55.618
1329						
1330	17	54	57.53	17	54	57.631
1330						
1331	17	54	59.533	17	54	59.633
1331						
1332	17	55	1.538	17	55	1.639
1332						
1333	17	55	3.521	17	55	3.624
1333						
1334	17	55	5.54	17	55	5.643
1334						
1335	17	55	7.53	17	55	7.631
1335						
1336	17	55	9.534	17	55	9.633
1336						
1337	17	55	11.543	17	55	11.618
1337						
1338	17	55	13.514	17	55	13.618
1338						
1339	17	55	15.531	17	55	15.633
1339						
1340	17	55	17.535	17	55	17.634
1340						
1341	17	55	19.545	17	55	19.617
1341						
1342	17	55	21.517	17	55	21.628
1342						
1343	17	55	23.517	17	55	23.63
1343						
1344	17	55	25.526	17	55	25.627
1344						
1345	17	55	27.536	17	55	27.636
1345						
1346	17	55	29.514	17	55	29.616
1346						
1347	17	55	31.526	17	55	31.626
1347						
1348	17	55	33.53	17	55	33.631
1348						
1349	17	55	35.541	17	55	35.644
1349						
1350	17	55	37.519	17	55	37.622
1350						
1351	17	55	39.527	17	55	39.627
1351						
1352	17	55	41.54	17	55	41.641
1352						
1353	17	55	43.541	17	55	43.641
1353						
1354	17	55	45.529	17	55	45.631
1354						
1355	17	55	47.52	17	55	47.617
1355						
1356	17	55	49.521	17	55	49.627
1356						
1357	17	55	51.545	17	55	51.616
1357						
1358	17	55	53.521	17	55	53.631
1358						
1359	17	55	55.548	17	55	55.648
1359						
1360	17	55	57.523	17	55	57.623
1360						
1361	17	55	59.539	17	55	59.632
1361						
1362	17	56	1.551	17	56	1.626
1362						
1363	17	56	3.52	17	56	3.623
1363						
1364	17	56	5.538	17	56	5.638
1364						
1365	17	56	7.518	17	56	7.618
1365						
1366	17	56	9.523	17	56	9.624
1366						
1367	17	56	11.532	17	56	11.634
1367						
1368	17	56	13.533	17	56	13.633
1368						
1369	17	56	15.515	17	56	15.62
1369						
1370	17	56	17.519	17	56	17.621
1370						
1371	17	56	19.531	17	56	19.631
1371						
1372	17	56	21.514	17	56	21.622
1372						
1373	17	56	23.536	17	56	23.64
1373						
1374	17	56	25.541	17	56	25.638
1374						
1375	17	56	27.541	17	56	27.64
1375						
1376	17	56	29.516	17	56	29.624
1376						
1377	17	56	31.535	17	56	31.64
1377						
1378	17	56	33.537	17	56	33.633
1378						
1379	17	56	35.541	17	56	35.617
1379						
1380	17	56	37.529	17	56	37.629
1380						
1381	17	56	39.513	17	56	39.643
1381						
1382	17	56	41.516	17	56	41.616
1382						
1383	17	56	43.542	17	56	43.639
1383						
1384	17	56	45.542	17	56	45.638
1384						
1385	17	56	47.531	17	56	47.641
1385						
1386	17	56	49.527	17	56	49.622
1386						
1387	17	56	51.54	17	56	51.637
1387						
1388	17	56	53.518	17	56	53.621
1388						
1389	17	56	55.526	17	56	55.628
1389						
1390	17	56	57.542	17	56	57.618
1390						
1391	17	56	59.526	17	56	59.625
1391						
1392	17	57	1.538	17	57	1.648
1392						
1393	17	57	3.522	17	57	3.622
1393						
1394	17	57	5.549	17	57	5.619
1394						
1395	17	57	7.538	17	57	7.637
1395						
1396	17	57	9.514	17	57	9.618
1396						
1397	17	57	11.515	17	57	11.63
1397						
1398	17	57	13.539	17	57	13.639
1398						
1399	17	57	15.517	17	57	15.616
1399						
1400	17	57	17.515	17	57	17.628
1400						
1401	17	57	19.53	17	57	19.626
1401						
1402	17	57	21.537	17	57	21.638
1402						
1403	17	57	23.516	17	57	23.619
1403						
1404	17	57	25.527	17	57	25.627
1404						
1405	17	57	27.537	17	57	27.638
1405						
1406	17	57	29.518	17	57	29.618
1406						
1407	17	57	31.536	17	57	31.635
1407						
1408	17	57	33.541	17	57	33.643
1408						
1409	17	57	35.518	17	57	35.618
1409						
1410	17	57	37.528	17	57	37.627
1410						
1411	17	57	39.513	17	57	39.621
1411						
1412	17	57	41.517	17	57	41.616
1412						
1413	17	57	43.524	17	57	43.624
1413						
1414	17	57	45.529	17	57	45.63
1414						
1415	17	57	47.531	17	57	47.631
1415						
1416	17	57	49.531	17	57	49.632
1416						
1417	17	57	51.537	17	57	51.636
1417						
1418	17	57	53.544	17	57	53.62
1418						
1419	17	57	55.516	17	57	55.619
1419						
1420	17	57	57.536	17	57	57.637
1420						
1421	17	57	59.514	17	57	59.631
1421						
1422	17	58	1.528	17	58	1.63
1422						
1423	17	58	3.539	17	58	3.634
1423						
1424	17	58	5.522	17	58	5.624
1424						
1425	17	58	7.536	17	58	7.638
1425						
1426	17	58	9.522	17	58	9.62
1426						
1427	17	58	11.534	17	58	11.634
1427						
1428	17	58	13.538	17	58	13.615
1428						
1429	17	58	15.519	17	58	15.62
1429						
1430	17	58	17.531	17	58	17.632
1430						
1431	17	58	19.516	17	58	19.617
1431						
1432	17	58	21.522	17	58	21.623
1432						
1433	17	58	23.533	17	58	23.634
1433						
1434	17	58	25.538	17	58	25.638
1434						
1435	17	58	27.514	17	58	27.617
1435						
1436	17	58	29.532	17	58	29.633
1436						
1437	17	58	31.518	17	58	31.619
1437						
1438	17	58	33.531	17	58	33.632
1438						
1439	17	58	35.515	17	58	35.614
1439						
1440	17	58	37.52	17	58	37.62
1440						
1441	17	58	39.531	17	58	39.634
1441						
1442	17	58	41.513	17	58	41.613
1442						
1443	17	58	43.546	17	58	43.647
1443						
1444	17	58	45.516	17	58	45.618
1444						
1445	17	58	47.523	17	58	47.623
1445						
1446	17	58	49.53	17	58	49.637
1446						
1447	17	58	51.54	17	58	51.641
1447						
1448	17	58	53.515	17	58	53.615
1448						
1449	17	58	55.531	17	58	55.632
1449						
1450	17	58	57.546	17	58	57.62
1450						
1451	17	58	59.529	17	58	59.631
1451						
1452	17	59	1.544	17	59	1.641
1452						
1453	17	59	3.518	17	59	3.626
1453						
1454	17	59	5.541	17	59	5.641
1454						
1455	17	59	7.543	17	59	7.644
1455						
1456	17	59	9.518	17	59	9.619
1456						
1457	17	59	11.526	17	59	11.638
1457						
1458	17	59	13.541	17	59	13.638
1458						
1459	17	59	15.537	17	59	15.635
1459						
1460	17	59	17.54	17	59	17.636
1460						
1461	17	59	19.527	17	59	19.631
1461						
1462	17	59	21.542	17	59	21.642
1462						
1463	17	59	23.518	17	59	23.624
1463						
1464	17	59	25.541	17	59	25.641
1464						
1465	17	59	27.54	17	59	27.644
1465						
1466	17	59	29.534	17	59	29.633
1466						
1467	17	59	31.517	17	59	31.617
1467						
1468	17	59	33.527	17	59	33.621
1468						
1469	17	59	35.536	17	59	35.635
1469						
1470	17	59	37.538	17	59	37.64
1470						
1471	17	59	39.513	17	59	39.613
1471						
1472	17	59	41.515	17	59	41.613
1472						
1473	17	59	43.52	17	59	43.622
1473						
1474	17	59	45.535	17	59	45.635
1474						
1475	17	59	47.514	17	59	47.613
1475						
1476	17	59	49.519	17	59	49.621
1476						
1477	17	59	51.531	17	59	51.632
1477						
1478	17	59	53.534	17	59	53.643
1478						
1479	17	59	55.544	17	59	55.645
1479						
1480	17	59	57.517	17	59	57.618
1480						
1481	17	59	59.516	17	59	59.615
1481						
1482	18	0	1.522	18	0	1.622
1482						
1483	18	0	3.527	18	0	3.637
1483						
1484	18	0	5.538	18	0	5.639
1484						
1485	18	0	7.541	18	0	7.643
1485						
1486	18	0	9.538	18	0	9.641
1486						
1487	18	0	11.542	18	0	11.644
1487						
1488	18	0	13.545	18	0	13.644
1488						
1489	18	0	15.522	18	0	15.623
1489						
1490	18	0	17.537	18	0	17.635
1490						
1491	18	0	19.54	18	0	19.64
1491						
1492	18	0	21.526	18	0	21.637
1492						
1493	18	0	23.516	18	0	23.616
1493						
1494	18	0	25.525	18	0	25.623
1494						
1495	18	0	27.536	18	0	27.637
1495						
1496	18	0	29.542	18	0	29.641
1496						
1497	18	0	31.531	18	0	31.635
1497						
1498	18	0	33.537	18	0	33.637
1498						
1499	18	0	35.546	18	0	35.613
1499						
1500	18	0	37.516	18	0	37.617
1500						
1501	18	0	39.532	18	0	39.633
1501						
1502	18	0	41.528	18	0	41.635
1502						
1503	18	0	43.536	18	0	43.636
1503						
1504	18	0	45.54	18	0	45.642
1504						
1505	18	0	47.539	18	0	47.643
1505						
1506	18	0	49.525	18	0	49.629
1506						
1507	18	0	51.53	18	0	51.635
1507						
1508	18	0	53.536	18	0	53.643
1508						
1509	18	0	55.545	18	0	55.614
1509						
1510	18	0	57.517	18	0	57.618
1510						
1511	18	0	59.527	18	0	59.627
1511						
1512	18	1	1.53	18	1	1.653
1512						
1513	18	1	3.541	18	1	3.642
1513						
1514	18	1	5.514	18	1	5.614
1514						
1515	18	1	7.523	18	1	7.626
1515						
1516	18	1	9.537	18	1	9.639
1516						
1517	18	1	11.54	18	1	11.64
1517						
1518	18	1	13.514	18	1	13.613
1518						
1519	18	1	15.518	18	1	15.617
1519						
1520	18	1	17.526	18	1	17.63
1520						
1521	18	1	19.526	18	1	19.632
1521						
1522	18	1	21.538	18	1	21.636
1522						
1523	18	1	23.54	18	1	23.641
1523						
1524	18	1	25.519	18	1	25.62
1524						
1525	18	1	27.539	18	1	27.642
1525						
1526	18	1	29.544	18	1	29.642
1526						
1527	18	1	31.522	18	1	31.626
1527						
1528	18	1	33.537	18	1	33.641
1528						
1529	18	1	35.541	18	1	35.64
1529						
1530	18	1	37.536	18	1	37.635
1530						
1531	18	1	39.541	18	1	39.642
1531						
1532	18	1	41.52	18	1	41.625
1532						
1533	18	1	43.523	18	1	43.623
1533						
1534	18	1	45.534	18	1	45.639
1534						
1535	18	1	47.535	18	1	47.636
1535						
1536	18	1	49.534	18	1	49.633
1536						
1537	18	1	51.538	18	1	51.638
1537						
1538	18	1	53.516	18	1	53.616
1538						
1539	18	1	55.531	18	1	55.632
1539						
1540	18	1	57.538	18	1	57.642
1540						
1541	18	1	59.515	18	1	59.616
1541						
1542	18	2	1.534	18	2	1.644
1542						
1543	18	2	3.546	18	2	3.646
1543						
1544	18	2	5.514	18	2	5.616
1544						
1545	18	2	7.523	18	2	7.624
1545						
1546	18	2	9.542	18	2	9.645
1546						
1547	18	2	11.524	18	2	11.623
1547						
1548	18	2	13.527	18	2	13.627
1548						
1549	18	2	15.533	18	2	15.636
1549						
1550	18	2	17.539	18	2	17.639
1550						
1551	18	2	19.532	18	2	19.632
1551						
1552	18	2	21.534	18	2	21.633
1552						
1553	18	2	23.535	18	2	23.639
1553						
1554	18	2	25.524	18	2	25.622
1554						
1555	18	2	27.54	18	2	27.64
1555						
1556	18	2	29.513	18	2	29.646
1556						
1557	18	2	31.545	18	2	31.644
1557						
1558	18	2	33.527	18	2	33.636
1558						
1559	18	2	35.541	18	2	35.642
1559						
1560	18	2	37.521	18	2	37.627
1560						
1561	18	2	39.533	18	2	39.635
1561						
1562	18	2	41.538	18	2	41.642
1562						
1563	18	2	43.545	18	2	43.643
1563						
1564	18	2	45.52	18	2	45.62
1564						
1565	18	2	47.52	18	2	47.62
1565						
1566	18	2	49.523	18	2	49.623
1566						
1567	18	2	51.535	18	2	51.636
1567						
1568	18	2	53.539	18	2	53.639
1568						
1569	18	2	55.517	18	2	55.619
1569						
1570	18	2	57.522	18	2	57.622
1570						
1571	18	2	59.515	18	2	59.615
1571						
1572	18	3	1.517	18	3	1.617
1572						
1573	18	3	3.529	18	3	3.645
1573						
1574	18	3	5.516	18	3	5.618
1574						
1575	18	3	7.52	18	3	7.622
1575						
1576	18	3	9.53	18	3	9.632
1576						
1577	18	3	11.536	18	3	11.634
1577						
1578	18	3	13.518	18	3	13.617
1578						
1579	18	3	15.529	18	3	15.633
1579						
1580	18	3	17.534	18	3	17.636
1580						
1581	18	3	19.515	18	3	19.617
1581						
1582	18	3	21.518	18	3	21.618
1582						
1583	18	3	23.516	18	3	23.617
1583						
1584	18	3	25.523	18	3	25.631
1584						
1585	18	3	27.523	18	3	27.623
1585						
1586	18	3	29.531	18	3	29.642
1586						
1587	18	3	31.546	18	3	31.614
1587						
1588	18	3	33.531	18	3	33.633
1588						
1589	18	3	35.539	18	3	35.641
1589						
1590	18	3	37.533	18	3	37.635
1590						
1591	18	3	39.524	18	3	39.636
1591						
1592	18	3	41.537	18	3	41.639
1592						
1593	18	3	43.52	18	3	43.624
1593						
1594	18	3	45.531	18	3	45.633
1594						
1595	18	3	47.513	18	3	47.619
1595						
1596	18	3	49.525	18	3	49.636
1596						
1597	18	3	51.536	18	3	51.636
1597						
1598	18	3	53.542	18	3	53.642
1598						
1599	18	3	55.518	18	3	55.625
1599						
1600	18	3	57.527	18	3	57.632
1600						
1601	18	3	59.532	18	3	59.634
1601						
1602	18	4	1.517	18	4	1.616
1602						
1603	18	4	3.522	18	4	3.631
1603						
1604	18	4	5.541	18	4	5.642
1604						
1605	18	4	7.538	18	4	7.639
1605						
1606	18	4	9.542	18	4	9.642
1606						
1607	18	4	11.52	18	4	11.621
1607						
1608	18	4	13.52	18	4	13.623
1608						
1609	18	4	15.545	18	4	15.614
1609						
1610	18	4	17.53	18	4	17.629
1610						
1611	18	4	19.53	18	4	19.635
1611						
1612	18	4	21.537	18	4	21.638
1612						
1613	18	4	23.516	18	4	23.618
1613						
1614	18	4	25.524	18	4	25.624
1614						
1615	18	4	27.533	18	4	27.644
1615						
1616	18	4	29.519	18	4	29.619
1616						
1617	18	4	31.523	18	4	31.622
1617						
1618	18	4	33.54	18	4	33.636
1618						
1619	18	4	35.52	18	4	35.62
1619						
1620	18	4	37.527	18	4	37.626
1620						
1621	18	4	39.531	18	4	39.631
1621						
1622	18	4	41.538	18	4	41.637
1622						
1623	18	4	43.524	18	4	43.621
1623						
1624	18	4	45.523	18	4	45.629
1624						
1625	18	4	47.536	18	4	47.636
1625						
1626	18	4	49.545	18	4	49.613
1626						
1627	18	4	51.521	18	4	51.622
1627						
1628	18	4	53.528	18	4	53.639
1628						
1629	18	4	55.54	18	4	55.639
1629						
1630	18	4	57.542	18	4	57.642
1630						
1631	18	4	59.52	18	4	59.617
1631						
1632	18	5	1.534	18	5	1.645
1632						
1633	18	5	3.537	18	5	3.641
1633						
1634	18	5	5.522	18	5	5.618
1634						
1635	18	5	7.533	18	5	7.645
1635						
1636	18	5	9.542	18	5	9.64
1636						
1637	18	5	11.52	18	5	11.62
1637						
1638	18	5	13.532	18	5	13.632
1638						
1639	18	5	15.517	18	5	15.616
1639						
1640	18	5	17.533	18	5	17.634
1640						
1641	18	5	19.515	18	5	19.615
1641						
1642	18	5	21.527	18	5	21.627
1642						
1643	18	5	23.535	18	5	23.645
1643						
1644	18	5	25.516	18	5	25.617
1644						
1645	18	5	27.522	18	5	27.626
1645						
1646	18	5	29.53	18	5	29.632
1646						
1647	18	5	31.536	18	5	31.638
1647						
1648	18	5	33.517	18	5	33.617
1648						
1649	18	5	35.526			
